,PERMNO,DATE,SHRCD,HEXCD,RET,date
0,10000.0,1985-12-31,,3.0,,1985-12-31
1,10000.0,1986-01-31,10.0,3.0,,1986-01-31
2,10000.0,1986-02-28,10.0,3.0,-0.2571428716182709,1986-02-28
3,10000.0,1986-03-31,10.0,3.0,0.36538460850715637,1986-03-31
4,10000.0,1986-04-30,10.0,3.0,-0.09859155118465424,1986-04-30
5,10000.0,1986-05-30,10.0,3.0,-0.22265625,1986-05-30
6,10000.0,1986-06-30,10.0,3.0,-0.005025125574320555,1986-06-30
7,10000.0,1986-07-31,10.0,3.0,-0.08080808073282242,1986-07-31
8,10000.0,1986-08-29,10.0,3.0,-0.6153846383094788,1986-08-29
9,10000.0,1986-09-30,10.0,3.0,-0.05714285746216774,1986-09-30
10,10000.0,1986-10-31,10.0,3.0,-0.24242424964904785,1986-10-31
11,10000.0,1986-11-28,10.0,3.0,0.05999999865889549,1986-11-28
12,10000.0,1986-12-31,10.0,3.0,-0.37735849618911743,1986-12-31
13,10000.0,1987-01-30,10.0,3.0,-0.21212121844291687,1987-01-30
14,10000.0,1987-02-27,10.0,3.0,0.0,1987-02-27
15,10000.0,1987-03-31,10.0,3.0,-0.38461539149284363,1987-03-31
16,10000.0,1987-04-30,10.0,3.0,-0.0625,1987-04-30
17,10000.0,1987-05-29,10.0,3.0,-0.06666667014360428,1987-05-29
18,10000.0,1987-06-30,10.0,3.0,,1987-06-30
19,10001.0,1985-12-31,,2.0,,1985-12-31
20,10001.0,1986-01-31,11.0,2.0,,1986-01-31
21,10001.0,1986-02-28,11.0,2.0,0.020408162847161293,1986-02-28
22,10001.0,1986-03-31,11.0,2.0,0.025200003758072853,1986-03-31
23,10001.0,1986-04-30,11.0,2.0,0.009900989942252636,1986-04-30
24,10001.0,1986-05-30,11.0,2.0,-0.009803921915590763,1986-05-30
25,10001.0,1986-06-30,11.0,2.0,-0.013069307431578636,1986-06-30
26,10001.0,1986-07-31,11.0,2.0,-0.010204081423580647,1986-07-31
27,10001.0,1986-08-29,11.0,2.0,0.07216494530439377,1986-08-29
28,10001.0,1986-09-30,11.0,2.0,-0.003076923545449972,1986-09-30
29,10001.0,1986-10-31,11.0,2.0,0.03921568766236305,1986-10-31
30,10001.0,1986-11-28,11.0,2.0,0.056603774428367615,1986-11-28
31,10001.0,1986-12-31,11.0,2.0,0.014999999664723873,1986-12-31
32,10001.0,1987-01-30,11.0,2.0,-0.0357142873108387,1987-01-30
33,10001.0,1987-02-27,11.0,2.0,-0.07407407462596893,1987-02-27
34,10001.0,1987-03-31,11.0,2.0,0.03680000081658363,1987-03-31
35,10001.0,1987-04-30,11.0,2.0,-0.03921568766236305,1987-04-30
36,10001.0,1987-05-29,11.0,2.0,-0.0714285746216774,1987-05-29
37,10001.0,1987-06-30,11.0,2.0,0.051428571343421936,1987-06-30
38,10001.0,1987-07-31,11.0,2.0,0.021276595070958138,1987-07-31
39,10001.0,1987-08-31,11.0,2.0,0.0833333358168602,1987-08-31
40,10001.0,1987-09-30,11.0,2.0,-0.02230769209563732,1987-09-30
41,10001.0,1987-10-30,11.0,2.0,0.019999999552965164,1987-10-30
42,10001.0,1987-11-30,11.0,2.0,-0.029411764815449715,1987-11-30
43,10001.0,1987-12-31,11.0,2.0,-0.03353535383939743,1987-12-31
44,10001.0,1988-01-29,11.0,2.0,0.06382978707551956,1988-01-29
45,10001.0,1988-02-29,11.0,2.0,0.07999999821186066,1988-02-29
46,10001.0,1988-03-31,11.0,2.0,-0.07629629969596863,1988-03-31
47,10001.0,1988-04-29,11.0,2.0,0.030612245202064514,1988-04-29
48,10001.0,1988-05-31,11.0,2.0,0.019801979884505272,1988-05-31
49,10001.0,1988-06-30,11.0,2.0,-0.01203883532434702,1988-06-30
50,10001.0,1988-07-29,11.0,2.0,0.029999999329447746,1988-07-29
51,10001.0,1988-08-31,11.0,2.0,0.029126213863492012,1988-08-31
52,10001.0,1988-09-30,11.0,2.0,-0.021132076159119606,1988-09-30
53,10001.0,1988-10-31,11.0,2.0,0.03921568766236305,1988-10-31
54,10001.0,1988-11-30,11.0,2.0,0.0,1988-11-30
55,10001.0,1988-12-30,11.0,2.0,-0.021132076159119606,1988-12-30
56,10001.0,1989-01-31,11.0,2.0,0.019607843831181526,1989-01-31
57,10001.0,1989-02-28,11.0,2.0,0.03846153989434242,1989-02-28
58,10001.0,1989-03-31,11.0,2.0,0.017777778208255768,1989-03-31
59,10001.0,1989-04-28,11.0,2.0,0.07407407462596893,1989-04-28
60,10001.0,1989-05-31,11.0,2.0,-0.03448275849223137,1989-05-31
61,10001.0,1989-06-30,11.0,2.0,0.017142856493592262,1989-06-30
62,10001.0,1989-07-31,11.0,2.0,0.0357142873108387,1989-07-31
63,10001.0,1989-08-31,11.0,2.0,0.27586206793785095,1989-08-31
64,10001.0,1989-09-29,11.0,2.0,-0.027027027681469917,1989-09-29
65,10001.0,1989-10-31,11.0,2.0,0.07042253762483597,1989-10-31
66,10001.0,1989-11-30,11.0,2.0,0.03947368264198303,1989-11-30
67,10001.0,1989-12-29,11.0,2.0,0.037974681705236435,1989-12-29
68,10001.0,1990-01-31,11.0,2.0,-0.018518518656492233,1990-01-31
69,10001.0,1990-02-28,11.0,2.0,-0.006289307959377766,1990-02-28
70,10001.0,1990-03-30,11.0,2.0,0.012658228166401386,1990-03-30
71,10001.0,1990-04-30,11.0,2.0,0.0,1990-04-30
72,10001.0,1990-05-31,11.0,2.0,-0.012658228166401386,1990-05-31
73,10001.0,1990-06-29,11.0,2.0,0.014102564193308353,1990-06-29
74,10001.0,1990-07-31,11.0,2.0,0.025641025975346565,1990-07-31
75,10001.0,1990-08-31,11.0,2.0,-0.05000000074505806,1990-08-31
76,10001.0,1990-09-28,11.0,2.0,0.04078947380185127,1990-09-28
77,10001.0,1990-10-31,11.0,2.0,-0.012820512987673283,1990-10-31
78,10001.0,1990-11-30,11.0,2.0,0.0,1990-11-30
79,10001.0,1990-12-31,11.0,2.0,0.00129870162345469,1990-12-31
80,10001.0,1991-01-31,11.0,2.0,0.01315789483487606,1991-01-31
81,10001.0,1991-02-28,11.0,2.0,0.012987012974917889,1991-02-28
82,10001.0,1991-03-28,11.0,2.0,-0.011538460850715637,1991-03-28
83,10001.0,1991-04-30,11.0,2.0,0.03947368264198303,1991-04-30
84,10001.0,1991-05-31,11.0,2.0,0.0,1991-05-31
85,10001.0,1991-06-28,11.0,2.0,0.07848101109266281,1991-06-28
86,10001.0,1991-07-31,11.0,2.0,-0.0357142873108387,1991-07-31
87,10001.0,1991-08-30,11.0,2.0,0.1358024626970291,1991-08-30
88,10001.0,1991-09-30,11.0,2.0,0.013043479062616825,1991-09-30
89,10001.0,1991-10-31,11.0,2.0,0.1304347813129425,1991-10-31
90,10001.0,1991-11-29,11.0,2.0,0.13461539149284363,1991-11-29
91,10001.0,1991-12-31,11.0,2.0,-0.0067796604707837105,1991-12-31
92,10001.0,1992-01-31,11.0,2.0,-0.0517241396009922,1992-01-31
93,10001.0,1992-02-28,11.0,2.0,-0.20000000298023224,1992-02-28
94,10001.0,1992-03-31,11.0,2.0,0.08181818574666977,1992-03-31
95,10001.0,1992-04-30,11.0,2.0,0.010638297535479069,1992-04-30
96,10001.0,1992-05-29,11.0,2.0,0.010526316240429878,1992-05-29
97,10001.0,1992-06-30,11.0,2.0,-0.007708333432674408,1992-06-30
98,10001.0,1992-07-31,11.0,2.0,0.06382978707551956,1992-07-31
99,10001.0,1992-08-31,11.0,2.0,0.03999999910593033,1992-08-31
100,10001.0,1992-09-30,11.0,2.0,0.16596153378486633,1992-09-30
101,10001.0,1992-10-30,11.0,2.0,-0.02500000037252903,1992-10-30
102,10001.0,1992-11-30,11.0,2.0,-0.017094017937779427,1992-11-30
103,10001.0,1992-12-31,11.0,2.0,-0.01513043511658907,1992-12-31
104,10001.0,1993-01-29,11.0,2.0,0.0,1993-01-29
105,10001.0,1993-02-26,11.0,2.0,0.01785714365541935,1993-02-26
106,10001.0,1993-03-31,11.0,2.0,0.0110526317730546,1993-03-31
107,10001.0,1993-04-30,11.0,2.0,0.07017543911933899,1993-04-30
108,10001.0,1993-05-28,11.0,2.0,-0.008196720853447914,1993-05-28
109,10001.0,1993-06-30,11.0,2.0,0.10247933864593506,1993-06-30
110,10001.0,1993-07-30,11.0,2.0,-0.007575757801532745,1993-07-30
111,10001.0,1993-08-31,11.0,2.0,-0.030534351244568825,1993-08-31
112,10001.0,1993-09-30,11.0,2.0,0.06614173203706741,1993-09-30
113,10001.0,1993-10-29,11.0,2.0,0.02985074557363987,1993-10-29
114,10001.0,1993-11-30,11.0,2.0,-0.014492753893136978,1993-11-30
115,10001.0,1993-12-31,11.0,2.0,0.09117647260427475,1993-12-31
116,10001.0,1994-01-31,11.0,2.0,-0.0476190485060215,1994-01-31
117,10001.0,1994-02-28,11.0,2.0,0.0,1994-02-28
118,10001.0,1994-03-31,11.0,2.0,-0.004285714589059353,1994-03-31
119,10001.0,1994-04-29,11.0,2.0,-0.14492753148078918,1994-04-29
120,10001.0,1994-05-31,11.0,2.0,0.06779661029577255,1994-05-31
121,10001.0,1994-06-30,11.0,2.0,0.10730158537626266,1994-06-30
122,10001.0,1994-07-29,11.0,2.0,0.07246376574039459,1994-07-29
123,10001.0,1994-08-31,11.0,2.0,-0.027027027681469917,1994-08-31
124,10001.0,1994-09-30,11.0,2.0,0.038333334028720856,1994-09-30
125,10001.0,1994-10-31,11.0,2.0,-0.054054055362939835,1994-10-31
126,10001.0,1994-11-30,11.0,2.0,-0.04285714402794838,1994-11-30
127,10001.0,1994-12-30,11.0,2.0,-0.03343283757567406,1994-12-30
128,10001.0,1995-01-31,11.0,2.0,-0.03125,1995-01-31
129,10001.0,1995-02-28,11.0,2.0,-0.026209676638245583,1995-02-28
130,10001.0,1995-03-31,11.0,2.0,0.0063768113031983376,1995-03-31
131,10001.0,1995-04-28,11.0,2.0,0.0,1995-04-28
132,10001.0,1995-05-31,11.0,2.0,0.05000000074505806,1995-05-31
133,10001.0,1995-06-30,11.0,2.0,0.06031746044754982,1995-06-30
134,10001.0,1995-07-31,11.0,2.0,0.0,1995-07-31
135,10001.0,1995-08-31,11.0,2.0,-0.03030303120613098,1995-08-31
136,10001.0,1995-09-29,11.0,2.0,0.04374999925494194,1995-09-29
137,10001.0,1995-10-31,11.0,2.0,-0.03030303120613098,1995-10-31
138,10001.0,1995-11-30,11.0,2.0,0.09375,1995-11-30
139,10001.0,1995-12-29,11.0,2.0,0.08285713940858841,1995-12-29
140,10001.0,1996-01-31,11.0,2.0,-0.02666666731238365,1996-01-31
141,10001.0,1996-02-29,11.0,2.0,0.013698630034923553,1996-02-29
142,10001.0,1996-03-29,11.0,2.0,0.03614864870905876,1996-03-29
143,10001.0,1996-04-30,11.0,2.0,-0.07084019482135773,1996-04-30
144,10001.0,1996-05-31,11.0,2.0,-0.021276595070958138,1996-05-31
145,10001.0,1996-06-28,11.0,2.0,-0.06028985604643822,1996-06-28
146,10001.0,1996-07-31,11.0,2.0,0.0234375,1996-07-31
147,10001.0,1996-08-30,11.0,2.0,0.038167938590049744,1996-08-30
148,10001.0,1996-09-30,11.0,2.0,0.04176470637321472,1996-09-30
149,10001.0,1996-10-31,11.0,2.0,-0.02857142873108387,1996-10-31
150,10001.0,1996-11-29,11.0,2.0,0.029411764815449715,1996-11-29
151,10001.0,1996-12-31,11.0,2.0,-0.05942857265472412,1996-12-31
152,10001.0,1997-01-31,11.0,2.0,0.0615384615957737,1997-01-31
153,10001.0,1997-02-28,11.0,2.0,0.0,1997-02-28
154,10001.0,1997-03-31,11.0,2.0,0.012173912487924099,1997-03-31
155,10001.0,1997-04-30,11.0,2.0,0.0,1997-04-30
156,10001.0,1997-05-30,11.0,2.0,0.0,1997-05-30
157,10001.0,1997-06-30,11.0,2.0,-0.03072463721036911,1997-06-30
158,10001.0,1997-07-31,11.0,2.0,0.04545454680919647,1997-07-31
159,10001.0,1997-08-29,11.0,2.0,0.014492753893136978,1997-08-29
160,10001.0,1997-09-30,11.0,2.0,0.02685714326798916,1997-09-30
161,10001.0,1997-10-31,11.0,2.0,0.0,1997-10-31
162,10001.0,1997-11-28,11.0,2.0,-0.014084506779909134,1997-11-28
163,10001.0,1997-12-31,11.0,2.0,0.04114285856485367,1997-12-31
164,10001.0,1998-01-30,11.0,2.0,0.0,1998-01-30
165,10001.0,1998-02-27,11.0,2.0,-0.0069444444961845875,1998-02-27
166,10001.0,1998-03-31,11.0,2.0,-0.00867132842540741,1998-03-31
167,10001.0,1998-04-30,11.0,2.0,0.0071428571827709675,1998-04-30
168,10001.0,1998-05-29,11.0,2.0,-0.014184396713972092,1998-05-29
169,10001.0,1998-06-30,11.0,2.0,0.006043165922164917,1998-06-30
170,10001.0,1998-07-31,11.0,2.0,0.014492753893136978,1998-07-31
171,10001.0,1998-08-31,11.0,2.0,0.0,1998-08-31
172,10001.0,1998-09-30,11.0,2.0,0.07028571516275406,1998-09-30
173,10001.0,1998-10-30,11.0,2.0,0.0,1998-10-30
174,10001.0,1998-11-30,11.0,2.0,0.020270269364118576,1998-11-30
175,10001.0,1998-12-31,11.0,2.0,0.03205297887325287,1998-12-31
176,10001.0,1999-01-29,11.0,2.0,0.0,1999-01-29
177,10001.0,1999-02-26,11.0,2.0,-0.09090909361839294,1999-02-26
178,10001.0,1999-03-31,11.0,2.0,0.013142857700586319,1999-03-31
179,10001.0,1999-04-30,11.0,2.0,0.014285714365541935,1999-04-30
180,10001.0,1999-05-28,11.0,2.0,-0.0211267601698637,1999-05-28
181,10001.0,1999-06-30,11.0,2.0,0.00661870464682579,1999-06-30
182,10001.0,1999-07-30,11.0,2.0,0.021739130839705467,1999-07-30
183,10001.0,1999-08-31,11.0,2.0,-0.007092198356986046,1999-08-31
184,10001.0,1999-09-30,11.0,2.0,-0.07199999690055847,1999-09-30
185,10001.0,1999-10-29,11.0,2.0,0.0859375,1999-10-29
186,10001.0,1999-11-30,11.0,2.0,-0.003597122384235263,1999-11-30
187,10001.0,1999-12-31,11.0,2.0,-0.004187725950032473,1999-12-31
188,10001.0,2000-01-31,11.0,2.0,-0.04411764815449715,2000-01-31
189,10001.0,2000-02-29,11.0,2.0,0.015384615398943424,2000-02-29
190,10001.0,2000-03-31,11.0,2.0,-0.015757575631141663,2000-03-31
191,10001.0,2000-04-28,11.0,2.0,0.01171875,2000-04-28
192,10001.0,2000-05-31,11.0,2.0,-0.023166023194789886,2000-05-31
193,10001.0,2000-06-30,11.0,2.0,0.02766798436641693,2000-06-30
194,10001.0,2000-07-31,11.0,2.0,-0.015625,2000-07-31
195,10001.0,2000-08-31,11.0,2.0,0.0476190485060215,2000-08-31
196,10001.0,2000-09-29,11.0,2.0,0.07575757801532745,2000-09-29
197,10001.0,2000-10-31,11.0,2.0,0.02857142873108387,2000-10-31
198,10001.0,2000-11-30,11.0,2.0,0.0625,2000-11-30
199,10001.0,2000-12-29,11.0,2.0,0.03267974033951759,2000-12-29
200,10001.0,2001-01-31,11.0,2.0,0.012820512987673283,2001-01-31
201,10001.0,2001-02-28,11.0,2.0,-0.012658228166401386,2001-02-28
202,10001.0,2001-03-30,11.0,2.0,0.03846153989434242,2001-03-30
203,10001.0,2001-04-30,11.0,2.0,-0.02500000037252903,2001-04-30
204,10001.0,2001-05-31,11.0,2.0,0.09743587672710419,2001-05-31
205,10001.0,2001-06-29,11.0,2.0,0.11495330929756165,2001-06-29
206,10001.0,2001-07-31,11.0,2.0,0.025423744693398476,2001-07-31
207,10001.0,2001-08-31,11.0,2.0,0.020661156624555588,2001-08-31
208,10001.0,2001-09-28,11.0,2.0,-0.021862395107746124,2001-09-28
209,10001.0,2001-10-31,11.0,2.0,-0.03347277268767357,2001-10-31
210,10001.0,2001-11-30,11.0,2.0,-0.004329020623117685,2001-11-30
211,10001.0,2001-12-31,11.0,2.0,0.006956504657864571,2001-12-31
212,10001.0,2002-01-31,11.0,2.0,-0.013100403361022472,2002-01-31
213,10001.0,2002-02-28,11.0,2.0,-0.053097378462553024,2002-02-28
214,10001.0,2002-03-28,11.0,2.0,-0.015887869521975517,2002-03-28
215,10001.0,2002-04-30,11.0,2.0,-0.043269213289022446,2002-04-30
216,10001.0,2002-05-31,11.0,2.0,0.014824124984443188,2002-05-31
217,10001.0,2002-06-28,11.0,2.0,-0.024015802890062332,2002-06-28
218,10001.0,2002-07-31,11.0,2.0,-0.09979426115751266,2002-07-31
219,10001.0,2002-08-30,11.0,2.0,0.01714281365275383,2002-08-30
220,10001.0,2002-09-30,11.0,2.0,-0.0016853498527780175,2002-09-30
221,10001.0,2002-10-31,11.0,2.0,-0.01942858099937439,2002-10-31
222,10001.0,2002-11-29,11.0,2.0,-0.02389276586472988,2002-11-29
223,10001.0,2002-12-31,11.0,2.0,-0.10614927113056183,2002-12-31
224,10001.0,2003-01-31,11.0,2.0,0.14814308285713196,2003-01-31
225,10001.0,2003-02-28,11.0,2.0,0.035545047372579575,2003-02-28
226,10001.0,2003-03-31,11.0,2.0,-0.1092676967382431,2003-03-31
227,10001.0,2003-04-30,11.0,2.0,-0.32418301701545715,2003-04-30
228,10001.0,2003-05-30,11.0,2.0,0.6324950456619263,2003-05-30
229,10001.0,2003-06-30,11.0,2.0,-0.2879146337509155,2003-06-30
230,10001.0,2003-07-31,11.0,2.0,0.01830277033150196,2003-07-31
231,10001.0,2003-08-29,11.0,2.0,0.08660134673118591,2003-08-29
232,10001.0,2003-09-30,11.0,2.0,0.03759398311376572,2003-09-30
233,10001.0,2003-10-31,11.0,2.0,-0.1304347962141037,2003-10-31
234,10001.0,2003-11-28,11.0,2.0,-0.005000034812837839,2003-11-28
235,10001.0,2003-12-31,11.0,2.0,-0.0033500806894153357,2003-12-31
236,10001.0,2004-01-30,11.0,2.0,0.010084104724228382,2004-01-30
237,10001.0,2004-02-27,11.0,2.0,0.07986681163311005,2004-02-27
238,10001.0,2004-03-31,11.0,2.0,0.11710327863693237,2004-03-31
239,10001.0,2004-04-30,11.0,2.0,-0.01241381373256445,2004-04-30
240,10001.0,2004-05-28,11.0,2.0,-0.07960889488458633,2004-05-28
241,10001.0,2004-06-30,11.0,2.0,0.010622108355164528,2004-06-30
242,10001.0,2004-07-30,11.0,2.0,0.051051076501607895,2004-07-30
243,10001.0,2004-08-31,11.0,2.0,0.004285744391381741,2004-08-31
244,10001.0,2004-09-30,11.0,2.0,-0.13229022920131683,2004-09-30
245,10001.0,2004-10-29,11.0,2.0,-0.05573765188455582,2004-10-29
246,10001.0,2004-11-30,11.0,2.0,0.031249968335032463,2004-11-30
247,10001.0,2004-12-31,11.0,2.0,0.16161616146564484,2004-12-31
248,10001.0,2005-01-31,11.0,2.0,-0.04057973995804787,2005-01-31
249,10001.0,2005-02-28,11.0,2.0,-0.04516613110899925,2005-02-28
250,10001.0,2005-03-31,11.0,2.0,0.12482202798128128,2005-03-31
251,10001.0,2005-04-29,11.0,2.0,-0.07468356192111969,2005-04-29
252,10001.0,2005-05-31,11.0,2.0,0.21903032064437866,2005-05-31
253,10001.0,2005-06-30,11.0,2.0,0.1284288913011551,2005-06-30
254,10001.0,2005-07-29,11.0,2.0,0.009944767691195011,2005-07-29
255,10001.0,2005-08-31,11.0,2.0,0.03938727080821991,2005-08-31
256,10001.0,2005-09-30,11.0,2.0,0.21157896518707275,2005-09-30
257,10001.0,2005-10-31,11.0,2.0,-0.11903561651706696,2005-10-31
258,10001.0,2005-11-30,11.0,2.0,-0.0593966506421566,2005-11-30
259,10001.0,2005-12-30,11.0,2.0,0.021052611991763115,2005-12-30
260,10001.0,2006-01-31,11.0,2.0,-0.01649484969675541,2006-01-31
261,10001.0,2006-02-28,11.0,2.0,-0.010537347756326199,2006-02-28
262,10001.0,2006-03-31,11.0,2.0,0.17039397358894348,2006-03-31
263,10001.0,2006-04-28,11.0,2.0,-0.09463147819042206,2006-04-28
264,10001.0,2006-05-31,11.0,2.0,-0.010452263057231903,2006-05-31
265,10001.0,2006-06-30,11.0,2.0,-0.07638739794492722,2006-06-30
266,10001.0,2006-07-31,11.0,2.0,0.15741683542728424,2006-07-31
267,10001.0,2006-08-31,11.0,2.0,0.12357395142316818,2006-08-31
268,10001.0,2006-09-29,11.0,2.0,-0.05417025834321976,2006-09-29
269,10001.0,2006-10-31,11.0,2.0,0.0072727203369140625,2006-10-31
270,10001.0,2006-11-30,11.0,2.0,0.051444027572870255,2006-11-30
271,10001.0,2006-12-29,11.0,2.0,-0.03729395940899849,2006-12-29
272,10001.0,2007-01-31,11.0,2.0,0.023279275745153427,2007-01-31
273,10001.0,2007-02-28,11.0,2.0,0.26162126660346985,2007-02-28
274,10001.0,2007-03-30,11.0,2.0,0.01973225548863411,2007-03-30
275,10001.0,2007-04-30,11.0,2.0,0.002764337230473757,2007-04-30
276,10001.0,2007-05-31,11.0,2.0,0.04341829940676689,2007-05-31
277,10001.0,2007-06-29,11.0,2.0,0.0006671266746707261,2007-06-29
278,10001.0,2007-07-31,11.0,2.0,-0.05666669085621834,2007-07-31
279,10001.0,2007-08-31,11.0,2.0,0.027561862021684647,2007-08-31
280,10001.0,2007-09-28,11.0,2.0,-0.03232463076710701,2007-09-28
281,10001.0,2007-10-31,11.0,2.0,-0.04025876894593239,2007-10-31
282,10001.0,2007-11-30,11.0,2.0,0.07940071821212769,2007-11-30
283,10001.0,2007-12-31,11.0,2.0,-0.003929800353944302,2007-12-31
284,10001.0,2008-01-31,11.0,2.0,-0.006082060746848583,2008-01-31
285,10001.0,2008-02-29,11.0,2.0,0.021703556180000305,2008-02-29
286,10001.0,2008-03-31,11.0,2.0,-0.05251631140708923,2008-03-31
287,10001.0,2008-04-30,11.0,2.0,-0.036698244512081146,2008-04-30
288,10001.0,2008-05-30,11.0,2.0,0.271627813577652,2008-05-30
289,10001.0,2008-06-30,11.0,2.0,-0.010091708973050117,2008-06-30
290,10001.0,2008-07-31,11.0,2.0,-0.05302322283387184,2008-07-31
291,10001.0,2008-08-29,11.0,2.0,-0.019723936915397644,2008-08-29
292,10001.0,2008-09-30,11.0,2.0,-0.13737370073795319,2008-09-30
293,10001.0,2008-10-31,11.0,2.0,-0.01882350631058216,2008-10-31
294,10001.0,2008-11-28,11.0,2.0,-0.13012051582336426,2008-11-28
295,10001.0,2008-12-31,11.0,2.0,0.1559889167547226,2008-12-31
296,10001.0,2009-01-30,11.0,2.0,0.034140389412641525,2009-01-30
297,10001.0,2009-02-27,11.0,2.0,0.05622203275561333,2009-02-27
298,10001.0,2009-03-31,11.0,2.0,-0.08053683489561081,2009-03-31
299,10001.0,2009-04-30,11.0,2.0,0.04462098702788353,2009-04-30
300,10001.0,2009-05-29,11.0,2.0,0.002941122744232416,2009-05-29
301,10001.0,2009-06-30,11.0,2.0,0.019445838406682014,2009-06-30
302,10001.0,2009-07-31,11.0,2.0,-0.04708201438188553,2009-07-31
303,10001.0,2009-08-31,11.0,2.0,0.0533742792904377,2009-08-31
304,10001.0,2009-09-30,11.0,2.0,0.012283406220376492,2009-09-30
305,10001.0,2009-10-30,11.0,2.0,0.03780274838209152,2009-10-30
306,10001.0,2009-11-30,11.0,2.0,0.00709455506876111,2009-11-30
307,10001.0,2009-12-31,11.0,2.0,0.16262087225914001,2009-12-31
308,10001.0,2010-01-29,11.0,2.0,-0.01893201656639576,2010-01-29
309,10001.0,2010-02-26,11.0,2.0,-0.0006561087793670595,2010-02-26
310,10001.0,2010-03-31,11.0,2.0,0.02064267173409462,2010-03-31
311,10001.0,2010-04-30,11.0,2.0,0.12438547611236572,2010-04-30
312,10001.0,2010-05-28,11.0,2.0,0.004828733392059803,2010-05-28
313,10001.0,2010-06-30,11.0,2.0,-0.043421052396297455,2010-06-30
314,10001.0,2010-07-30,11.0,2.0,0.08333339542150497,2010-07-30
315,10001.0,2010-08-31,11.0,2.0,-0.11126279085874557,2010-08-31
316,10001.0,2010-09-30,11.0,2.0,0.07655959576368332,2010-09-30
317,10001.0,2010-10-29,11.0,2.0,0.03281479328870773,2010-10-29
318,10001.0,2010-11-30,11.0,2.0,-0.11843638122081757,2010-11-30
319,10001.0,2010-12-31,11.0,2.0,0.052290886640548706,2010-12-31
320,10001.0,2011-01-31,11.0,2.0,0.02899232506752014,2011-01-31
321,10001.0,2011-02-28,11.0,2.0,0.022727256640791893,2011-02-28
322,10001.0,2011-03-31,11.0,2.0,0.07240437716245651,2011-03-31
323,10001.0,2011-04-29,11.0,2.0,-0.038789428770542145,2011-04-29
324,10001.0,2011-05-31,11.0,2.0,0.028049908578395844,2011-05-31
325,10001.0,2011-06-30,11.0,2.0,0.008260886184871197,2011-06-30
326,10001.0,2011-07-29,11.0,2.0,-0.02813851833343506,2011-07-29
327,10001.0,2011-08-31,11.0,2.0,-0.013864110223948956,2011-08-31
328,10001.0,2011-09-30,11.0,2.0,0.005009128712117672,2011-09-30
329,10001.0,2011-10-31,11.0,2.0,0.005004570819437504,2011-10-31
330,10001.0,2011-11-30,11.0,2.0,-0.005000034347176552,2011-11-30
331,10001.0,2011-12-30,11.0,2.0,0.05183490738272667,2011-12-30
332,10001.0,2012-01-31,11.0,2.0,-0.01970231719315052,2012-01-31
333,10001.0,2012-02-29,11.0,2.0,0.005004517268389463,2012-02-29
334,10001.0,2012-03-30,11.0,2.0,0.048759933561086655,2012-03-30
335,10001.0,2012-04-30,11.0,2.0,-0.015000010840594769,2012-04-30
336,10001.0,2012-05-31,11.0,2.0,-0.08436109870672226,2012-05-31
337,10001.0,2012-06-29,11.0,2.0,-0.027325015515089035,2012-06-29
338,10001.0,2012-07-31,11.0,2.0,0.009405865333974361,2012-07-31
339,10001.0,2012-08-31,11.0,2.0,-0.012315278872847557,2012-08-31
340,10001.0,2012-09-28,11.0,2.0,0.0005010060267522931,2012-09-28
341,10001.0,2012-10-31,11.0,2.0,0.012676090002059937,2012-10-31
342,10001.0,2012-11-30,11.0,2.0,-0.045504387468099594,2012-11-30
343,10001.0,2012-12-31,11.0,2.0,-0.015231147408485413,2012-12-31
344,10001.0,2013-01-31,11.0,2.0,0.06270096451044083,2013-01-31
345,10001.0,2013-02-28,11.0,2.0,0.011651438660919666,2013-02-28
346,10001.0,2013-03-28,11.0,2.0,0.030684128403663635,2013-03-28
347,10001.0,2013-04-30,11.0,2.0,0.017156874760985374,2013-04-30
348,10001.0,2013-05-31,11.0,2.0,-0.0004840453912038356,2013-05-31
349,10001.0,2013-06-28,11.0,2.0,0.006323002278804779,2013-06-28
350,10001.0,2013-07-31,11.0,2.0,0.01601940579712391,2013-07-31
351,10001.0,2013-08-30,11.0,2.0,-0.016794651746749878,2013-08-30
352,10001.0,2013-09-30,11.0,2.0,0.004411764908581972,2013-09-30
353,10001.0,2013-10-31,11.0,2.0,-0.018137210980057716,2013-10-31
354,10001.0,2013-11-29,11.0,2.0,-0.13490474224090576,2013-11-29
355,10001.0,2013-12-31,11.0,2.0,-0.05885783210396767,2013-12-31
356,10001.0,2014-01-31,11.0,2.0,0.1475716531276703,2014-01-31
357,10001.0,2014-02-28,11.0,2.0,0.025626998394727707,2014-02-28
358,10001.0,2014-03-31,11.0,2.0,0.07959409803152084,2014-03-31
359,10001.0,2014-04-30,11.0,2.0,0.08797208219766617,2014-04-30
360,10001.0,2014-05-30,11.0,2.0,-0.033486224710941315,2014-05-30
361,10001.0,2014-06-30,11.0,2.0,0.00905626267194748,2014-06-30
362,10001.0,2014-07-31,11.0,2.0,0.22722963988780975,2014-07-31
363,10001.0,2014-08-29,11.0,2.0,-0.121411994099617,2014-08-29
364,10001.0,2014-09-30,11.0,2.0,0.050975240767002106,2014-09-30
365,10001.0,2014-10-31,11.0,2.0,-0.03513971343636513,2014-10-31
366,10001.0,2014-11-28,11.0,2.0,0.017180582508444786,2014-11-28
367,10001.0,2014-12-31,11.0,2.0,-0.0378260463476181,2014-12-31
368,10001.0,2015-01-30,11.0,2.0,-0.1152450442314148,2015-01-30
369,10001.0,2015-02-27,11.0,2.0,0.035897474735975266,2015-02-27
370,10001.0,2015-03-31,11.0,2.0,-0.0004950829315930605,2015-03-31
371,10001.0,2015-04-30,11.0,2.0,0.011044141836464405,2015-04-30
372,10001.0,2015-05-29,11.0,2.0,-0.00695131067186594,2015-05-29
373,10001.0,2015-06-30,11.0,2.0,0.030000019818544388,2015-06-30
374,10001.0,2015-07-31,11.0,2.0,-0.01310683973133564,2015-07-31
375,10001.0,2015-08-31,11.0,2.0,-0.11166499555110931,2015-08-31
376,10001.0,2015-09-30,11.0,2.0,0.0033669734839349985,2015-09-30
377,10001.0,2015-10-30,11.0,2.0,0.0016778658609837294,2015-10-30
378,10001.0,2015-11-30,11.0,2.0,-0.009070286527276039,2015-11-30
379,10001.0,2015-12-31,11.0,2.0,-0.1321510225534439,2015-12-31
380,10002.0,1985-12-31,,3.0,,1985-12-31
381,10002.0,1986-01-31,10.0,3.0,,1986-01-31
382,10002.0,1986-02-28,10.0,3.0,0.13978494703769684,1986-02-28
383,10002.0,1986-03-31,10.0,3.0,0.07075471431016922,1986-03-31
384,10002.0,1986-04-30,10.0,3.0,0.05286343768239021,1986-04-30
385,10002.0,1986-05-30,10.0,3.0,-0.02092050202190876,1986-05-30
386,10002.0,1986-06-30,10.0,3.0,-0.13247863948345184,1986-06-30
387,10002.0,1986-07-31,10.0,3.0,0.04926108196377754,1986-07-31
388,10002.0,1986-08-29,10.0,3.0,0.0,1986-08-29
389,10002.0,1986-09-30,10.0,3.0,0.07042253762483597,1986-09-30
390,10002.0,1986-10-31,10.0,3.0,-0.061403509229421616,1986-10-31
391,10002.0,1986-11-28,10.0,3.0,0.0,1986-11-28
392,10002.0,1986-12-31,10.0,3.0,-0.07476635277271271,1986-12-31
393,10002.0,1987-01-30,10.0,3.0,0.09595959633588791,1987-01-30
394,10002.0,1987-02-27,10.0,3.0,-0.0138248847797513,1987-02-27
395,10002.0,1987-03-31,10.0,3.0,-0.037383176386356354,1987-03-31
396,10002.0,1987-04-30,10.0,3.0,0.009708737954497337,1987-04-30
397,10002.0,1987-05-29,10.0,3.0,0.03846153989434242,1987-05-29
398,10002.0,1987-06-30,10.0,3.0,0.0,1987-06-30
399,10002.0,1987-07-31,10.0,3.0,0.03703703731298447,1987-07-31
400,10002.0,1987-08-31,10.0,3.0,-0.0357142873108387,1987-08-31
401,10002.0,1987-09-30,10.0,3.0,-0.07407407462596893,1987-09-30
402,10002.0,1987-10-30,10.0,3.0,-0.20000000298023224,1987-10-30
403,10002.0,1987-11-30,10.0,3.0,0.012500000186264515,1987-11-30
404,10002.0,1987-12-31,10.0,3.0,-0.012345679104328156,1987-12-31
405,10002.0,1988-01-29,10.0,3.0,0.03750000149011612,1988-01-29
406,10002.0,1988-02-29,10.0,3.0,-0.03614457696676254,1988-02-29
407,10002.0,1988-03-31,10.0,3.0,0.02500000037252903,1988-03-31
408,10002.0,1988-04-29,10.0,3.0,-0.04878048598766327,1988-04-29
409,10002.0,1988-05-31,10.0,3.0,-0.012820512987673283,1988-05-31
410,10002.0,1988-06-30,10.0,3.0,0.025974025949835777,1988-06-30
411,10002.0,1988-07-29,10.0,3.0,-0.012658228166401386,1988-07-29
412,10002.0,1988-08-31,10.0,3.0,-0.025641025975346565,1988-08-31
413,10002.0,1988-09-30,10.0,3.0,-0.01315789483487606,1988-09-30
414,10002.0,1988-10-31,10.0,3.0,0.0,1988-10-31
415,10002.0,1988-11-30,10.0,3.0,-0.06666667014360428,1988-11-30
416,10002.0,1988-12-30,10.0,3.0,-0.04285714402794838,1988-12-30
417,10002.0,1989-01-31,10.0,3.0,0.05970149114727974,1989-01-31
418,10002.0,1989-02-28,10.0,3.0,-0.014084506779909134,1989-02-28
419,10002.0,1989-03-31,10.0,3.0,-0.02857142873108387,1989-03-31
420,10002.0,1989-04-28,10.0,3.0,-0.029411764815449715,1989-04-28
421,10002.0,1989-05-31,10.0,3.0,-0.03030303120613098,1989-05-31
422,10002.0,1989-06-30,10.0,3.0,0.046875,1989-06-30
423,10002.0,1989-07-31,10.0,3.0,-0.02985074557363987,1989-07-31
424,10002.0,1989-08-31,10.0,3.0,-0.03076923079788685,1989-08-31
425,10002.0,1989-09-29,10.0,3.0,-0.095238097012043,1989-09-29
426,10002.0,1989-10-31,10.0,3.0,-0.12280701845884323,1989-10-31
427,10002.0,1989-11-30,10.0,3.0,0.019999999552965164,1989-11-30
428,10002.0,1989-12-29,10.0,3.0,-0.03921568766236305,1989-12-29
429,10002.0,1990-01-31,10.0,3.0,0.020408162847161293,1990-01-31
430,10002.0,1990-02-28,10.0,3.0,0.019999999552965164,1990-02-28
431,10002.0,1990-03-30,10.0,3.0,0.0,1990-03-30
432,10002.0,1990-04-30,10.0,3.0,0.0,1990-04-30
433,10002.0,1990-05-31,10.0,3.0,0.0,1990-05-31
434,10002.0,1990-06-29,10.0,3.0,0.0,1990-06-29
435,10002.0,1990-07-31,10.0,3.0,-0.03921568766236305,1990-07-31
436,10002.0,1990-08-31,10.0,3.0,-0.040816325694322586,1990-08-31
437,10002.0,1990-09-28,10.0,3.0,-0.12765957415103912,1990-09-28
438,10002.0,1990-10-31,10.0,3.0,0.0731707289814949,1990-10-31
439,10002.0,1990-11-30,10.0,3.0,-0.022727273404598236,1990-11-30
440,10002.0,1990-12-31,10.0,3.0,-0.06976744532585144,1990-12-31
441,10002.0,1991-01-31,10.0,3.0,-0.02500000037252903,1991-01-31
442,10002.0,1991-02-28,10.0,3.0,0.0,1991-02-28
443,10002.0,1991-03-28,10.0,3.0,0.0,1991-03-28
444,10002.0,1991-04-30,10.0,3.0,-0.05128205195069313,1991-04-30
445,10002.0,1991-05-31,10.0,3.0,0.0,1991-05-31
446,10002.0,1991-06-28,10.0,3.0,0.0,1991-06-28
447,10002.0,1991-07-31,10.0,3.0,0.0,1991-07-31
448,10002.0,1991-08-30,10.0,3.0,0.0810810774564743,1991-08-30
449,10002.0,1991-09-30,10.0,3.0,0.02500000037252903,1991-09-30
450,10002.0,1991-10-31,10.0,3.0,0.0,1991-10-31
451,10002.0,1991-11-29,10.0,3.0,0.0,1991-11-29
452,10002.0,1991-12-31,10.0,3.0,0.17073170840740204,1991-12-31
453,10002.0,1992-01-31,10.0,3.0,0.02083333395421505,1992-01-31
454,10002.0,1992-02-28,10.0,3.0,0.0,1992-02-28
455,10002.0,1992-03-31,10.0,3.0,0.040816325694322586,1992-03-31
456,10002.0,1992-04-30,10.0,3.0,0.1764705926179886,1992-04-30
457,10002.0,1992-05-29,10.0,3.0,0.0,1992-05-29
458,10002.0,1992-06-30,10.0,3.0,0.0,1992-06-30
459,10002.0,1992-07-31,10.0,3.0,0.03333333507180214,1992-07-31
460,10002.0,1992-08-31,10.0,3.0,0.09677419066429138,1992-08-31
461,10002.0,1992-09-30,10.0,3.0,0.05882352963089943,1992-09-30
462,10002.0,1992-10-30,10.0,3.0,0.0,1992-10-30
463,10002.0,1992-11-30,10.0,3.0,0.0,1992-11-30
464,10002.0,1992-12-31,10.0,3.0,0.0,1992-12-31
465,10002.0,1993-01-29,10.0,3.0,0.0555555559694767,1993-01-29
466,10002.0,1993-02-26,10.0,3.0,0.10526315867900848,1993-02-26
467,10002.0,1993-03-31,10.0,3.0,-0.0476190485060215,1993-03-31
468,10002.0,1993-04-30,10.0,3.0,0.22499999403953552,1993-04-30
469,10002.0,1993-05-28,10.0,3.0,0.0,1993-05-28
470,10002.0,1993-06-30,10.0,3.0,0.0,1993-06-30
471,10002.0,1993-07-30,10.0,3.0,0.0,1993-07-30
472,10002.0,1993-08-31,10.0,3.0,0.030612245202064514,1993-08-31
473,10002.0,1993-09-30,11.0,3.0,0.029702970758080482,1993-09-30
474,10002.0,1993-10-29,11.0,3.0,0.042307693511247635,1993-10-29
475,10002.0,1993-11-30,11.0,3.0,-0.046296294778585434,1993-11-30
476,10002.0,1993-12-31,11.0,3.0,0.010097087360918522,1993-12-31
477,10002.0,1994-01-31,11.0,3.0,0.03883495181798935,1994-01-31
478,10002.0,1994-02-28,11.0,3.0,-0.009345794096589088,1994-02-28
479,10002.0,1994-03-31,11.0,3.0,0.004528301768004894,1994-03-31
480,10002.0,1994-04-29,11.0,3.0,-0.056603774428367615,1994-04-29
481,10002.0,1994-05-31,11.0,3.0,0.05999999865889549,1994-05-31
482,10002.0,1994-06-30,11.0,3.0,0.061132077127695084,1994-06-30
483,10002.0,1994-07-29,11.0,3.0,-0.0535714291036129,1994-07-29
484,10002.0,1994-08-31,11.0,3.0,0.009433962404727936,1994-08-31
485,10002.0,1994-09-30,11.0,3.0,-0.022803738713264465,1994-09-30
486,10002.0,1994-10-31,11.0,3.0,0.0,1994-10-31
487,10002.0,1994-11-30,11.0,3.0,-0.03846153989434242,1994-11-30
488,10002.0,1994-12-30,11.0,3.0,0.05559999868273735,1994-12-30
489,10002.0,1995-01-31,11.0,3.0,0.0,1995-01-31
490,10002.0,1995-02-28,11.0,3.0,0.0,1995-02-28
491,10002.0,1995-03-31,11.0,3.0,-0.022476190701127052,1995-03-31
492,10002.0,1995-04-28,11.0,3.0,0.019607843831181526,1995-04-28
493,10002.0,1995-05-31,11.0,3.0,0.03846153989434242,1995-05-31
494,10002.0,1995-06-30,11.0,3.0,-0.031111111864447594,1995-06-30
495,10002.0,1995-07-31,11.0,3.0,0.0,1995-07-31
496,10002.0,1995-08-31,11.0,3.0,0.0,1995-08-31
497,10002.0,1995-09-29,11.0,3.0,0.12153846025466919,1995-09-29
498,10002.0,1995-10-31,11.0,3.0,-0.13793103396892548,1995-10-31
499,10002.0,1995-11-30,11.0,3.0,0.07000000029802322,1995-11-30
500,10002.0,1995-12-29,11.0,3.0,0.05271027982234955,1995-12-29
501,10002.0,1996-01-31,11.0,3.0,-0.0357142873108387,1996-01-31
502,10002.0,1996-02-29,11.0,3.0,0.02777777798473835,1996-02-29
503,10002.0,1996-03-29,11.0,3.0,0.05225225165486336,1996-03-29
504,10002.0,1996-04-30,11.0,3.0,-0.043103449046611786,1996-04-30
505,10002.0,1996-05-31,11.0,3.0,0.0,1996-05-31
506,10002.0,1996-06-28,11.0,3.0,0.007207207381725311,1996-06-28
507,10002.0,1996-07-31,11.0,3.0,-0.03153153136372566,1996-07-31
508,10002.0,1996-08-30,11.0,3.0,0.004651162773370743,1996-08-30
509,10002.0,1996-09-30,11.0,3.0,0.01666666753590107,1996-09-30
510,10002.0,1996-10-31,11.0,3.0,-0.01834862306714058,1996-10-31
511,10002.0,1996-11-29,11.0,3.0,0.0,1996-11-29
512,10002.0,1996-12-31,11.0,3.0,-0.020560747012495995,1996-12-31
513,10002.0,1997-01-31,11.0,3.0,0.0,1997-01-31
514,10002.0,1997-02-28,11.0,3.0,0.01923076994717121,1997-02-28
515,10002.0,1997-03-31,11.0,3.0,0.13962264358997345,1997-03-31
516,10002.0,1997-04-30,11.0,3.0,-0.07500000298023224,1997-04-30
517,10002.0,1997-05-30,11.0,3.0,0.15596330165863037,1997-05-30
518,10002.0,1997-06-30,11.0,3.0,0.03809523954987526,1997-06-30
519,10002.0,1997-07-31,11.0,3.0,0.0923076942563057,1997-07-31
520,10002.0,1997-08-29,11.0,3.0,0.07042253762483597,1997-08-29
521,10002.0,1997-09-30,11.0,3.0,0.09789473563432693,1997-09-30
522,10002.0,1997-10-31,11.0,3.0,0.01807228848338127,1997-10-31
523,10002.0,1997-11-28,11.0,3.0,0.03550295904278755,1997-11-28
524,10002.0,1997-12-31,11.0,3.0,0.1250285655260086,1997-12-31
525,10002.0,1998-01-30,11.0,3.0,0.020408162847161293,1998-01-30
526,10002.0,1998-02-27,11.0,3.0,0.05999999865889549,1998-02-27
527,10002.0,1998-03-31,11.0,3.0,-0.019433962181210518,1998-03-31
528,10002.0,1998-04-30,11.0,3.0,-0.05314009636640549,1998-04-30
529,10002.0,1998-05-29,11.0,3.0,0.12244898080825806,1998-05-29
530,10002.0,1998-06-30,11.0,3.0,0.0955454558134079,1998-06-30
531,10002.0,1998-07-31,11.0,3.0,-0.012500000186264515,1998-07-31
532,10002.0,1998-08-31,11.0,3.0,-0.16455696523189545,1998-08-31
533,10002.0,1998-09-30,11.0,3.0,-0.009999999776482582,1998-09-30
534,10002.0,1998-10-30,11.0,3.0,-0.07692307978868484,1998-10-30
535,10002.0,1998-11-30,11.0,3.0,0.01666666753590107,1998-11-30
536,10002.0,1998-12-31,11.0,3.0,0.005573770496994257,1998-12-31
537,10002.0,1999-01-29,11.0,3.0,0.016393441706895828,1999-01-29
538,10002.0,1999-02-26,11.0,3.0,-0.09677419066429138,1999-02-26
539,10002.0,1999-03-31,11.0,3.0,-0.011785713955760002,1999-03-31
540,10002.0,1999-04-30,11.0,3.0,-0.05454545468091965,1999-04-30
541,10002.0,1999-05-28,11.0,3.0,0.014423076994717121,1999-05-28
542,10002.0,1999-06-30,11.0,3.0,0.025781990960240364,1999-06-30
543,10002.0,1999-07-30,11.0,3.0,0.041860464960336685,1999-07-30
544,10002.0,1999-08-31,11.0,3.0,-0.0714285746216774,1999-08-31
545,10002.0,1999-09-30,11.0,3.0,0.153557687997818,1999-09-30
546,10002.0,1999-10-29,11.0,3.0,-0.1111111119389534,1999-10-29
547,10002.0,1999-11-30,11.0,3.0,0.056603774428367615,1999-11-30
548,10002.0,1999-12-31,11.0,3.0,-0.12303571403026581,1999-12-31
549,10002.0,2000-01-31,11.0,3.0,-0.025641025975346565,2000-01-31
550,10002.0,2000-02-29,11.0,3.0,-0.1631578952074051,2000-02-29
551,10002.0,2000-03-31,11.0,3.0,0.028930818662047386,2000-03-31
552,10002.0,2000-04-28,11.0,3.0,0.012345679104328156,2000-04-28
553,10002.0,2000-05-31,11.0,3.0,-0.024390242993831635,2000-05-31
554,10002.0,2000-06-30,11.0,3.0,0.04125000163912773,2000-06-30
555,10002.0,2000-07-31,11.0,3.0,-0.012121211737394333,2000-07-31
556,10002.0,2000-08-31,11.0,3.0,-0.01840490847826004,2000-08-31
557,10002.0,2000-09-29,11.0,3.0,-0.2524999976158142,2000-09-29
558,10002.0,2000-10-31,11.0,3.0,0.16949152946472168,2000-10-31
559,10002.0,2000-11-30,11.0,3.0,0.018115941435098648,2000-11-30
560,10002.0,2000-12-29,11.0,3.0,0.05765124410390854,2000-12-29
561,10002.0,2001-01-31,11.0,3.0,0.08843537420034409,2001-01-31
562,10002.0,2001-02-28,11.0,3.0,0.0625,2001-02-28
563,10002.0,2001-03-30,11.0,3.0,0.4221176505088806,2001-03-30
564,10002.0,2001-04-30,11.0,3.0,-0.24133332073688507,2001-04-30
565,10002.0,2001-05-31,11.0,3.0,-0.03339192643761635,2001-05-31
566,10002.0,2001-06-29,11.0,3.0,0.03727274388074875,2001-06-29
567,10002.0,2001-07-31,11.0,3.0,-0.03628317266702652,2001-07-31
568,10002.0,2001-08-31,11.0,3.0,-0.04958677291870117,2001-08-31
569,10002.0,2001-09-28,11.0,3.0,-0.04734303057193756,2001-09-28
570,10002.0,2001-10-31,11.0,3.0,-0.03179491311311722,2001-10-31
571,10002.0,2001-11-30,11.0,3.0,0.05932208150625229,2001-11-30
572,10002.0,2001-12-31,11.0,3.0,3.4272670035306874e-08,2001-12-31
573,10002.0,2002-01-31,11.0,3.0,0.0010110490256920457,2002-01-31
574,10002.0,2002-02-28,11.0,3.0,0.08535357564687729,2002-02-28
575,10002.0,2002-03-28,11.0,3.0,-0.0729411393404007,2002-03-28
576,10002.0,2002-04-30,11.0,3.0,0.22842638194561005,2002-04-30
577,10002.0,2002-05-31,11.0,3.0,0.0041321683675050735,2002-05-31
578,10002.0,2002-06-28,11.0,3.0,0.009876543655991554,2002-06-28
579,10002.0,2002-07-31,11.0,3.0,-0.09465017914772034,2002-07-31
580,10002.0,2002-08-30,11.0,3.0,0.022727273404598236,2002-08-30
581,10002.0,2002-09-30,11.0,3.0,-0.039199989289045334,2002-09-30
582,10002.0,2002-10-31,11.0,3.0,0.009448950178921223,2002-10-31
583,10002.0,2002-11-29,11.0,3.0,-0.01760885864496231,2002-11-29
584,10002.0,2002-12-31,11.0,3.0,0.0584905631840229,2002-12-31
585,10002.0,2003-01-31,11.0,3.0,0.06396396458148956,2003-01-31
586,10002.0,2003-02-28,11.0,3.0,0.12193052470684052,2003-02-28
587,10002.0,2003-03-31,11.0,3.0,0.09660374373197556,2003-03-31
588,10002.0,2003-04-30,11.0,3.0,0.10423614084720612,2003-04-30
589,10002.0,2003-05-30,11.0,3.0,-0.022074073553085327,2003-05-30
590,10002.0,2003-06-30,11.0,3.0,0.04115751013159752,2003-06-30
591,10002.0,2003-07-31,11.0,3.0,-0.0006226793047972023,2003-07-31
592,10002.0,2003-08-29,11.0,3.0,0.0024922690354287624,2003-08-29
593,10002.0,2003-09-30,11.0,3.0,-0.05344933271408081,2003-09-30
594,10002.0,2003-10-31,11.0,3.0,0.021854298189282417,2003-10-31
595,10002.0,2003-11-28,11.0,3.0,0.022683046758174896,2003-11-28
596,10002.0,2003-12-31,11.0,3.0,0.023447448387742043,2003-12-31
597,10002.0,2004-01-30,11.0,3.0,0.005617986898869276,2004-01-30
598,10002.0,2004-02-27,11.0,3.0,0.12042200565338135,2004-02-27
599,10002.0,2004-03-31,11.0,3.0,-0.023822685703635216,2004-03-31
600,10002.0,2004-04-30,11.0,3.0,-0.036592304706573486,2004-04-30
601,10002.0,2004-05-28,11.0,3.0,0.01602376624941826,2004-05-28
602,10002.0,2004-06-30,11.0,3.0,0.030957920476794243,2004-06-30
603,10002.0,2004-07-30,11.0,3.0,0.0034246270079165697,2004-07-30
604,10002.0,2004-08-31,11.0,3.0,0.02275310643017292,2004-08-31
605,10002.0,2004-09-30,11.0,3.0,0.05283647030591965,2004-09-30
606,10002.0,2004-10-29,11.0,3.0,0.010638338513672352,2004-10-29
607,10002.0,2004-11-30,11.0,3.0,0.12105259299278259,2004-11-30
608,10002.0,2004-12-31,11.0,3.0,0.1615024209022522,2004-12-31
609,10002.0,2005-01-31,11.0,3.0,-0.13246648013591766,2005-01-31
610,10002.0,2005-02-28,11.0,3.0,-0.03325531631708145,2005-02-28
611,10002.0,2005-03-31,11.0,3.0,-0.013081377372145653,2005-03-31
612,10002.0,2005-04-29,11.0,3.0,-0.06669962406158447,2005-04-29
613,10002.0,2005-05-31,11.0,3.0,0.046585552394390106,2005-05-31
614,10002.0,2005-06-30,11.0,3.0,-0.005563974380493164,2005-06-30
615,10002.0,2005-07-29,11.0,3.0,0.07936503738164902,2005-07-29
616,10002.0,2005-08-31,11.0,3.0,0.03273247182369232,2005-08-31
617,10002.0,2005-09-30,11.0,3.0,-0.10840605199337006,2005-09-30
618,10002.0,2005-10-31,11.0,3.0,-0.044605839997529984,2005-10-31
619,10002.0,2005-11-30,11.0,3.0,0.09554833173751831,2005-11-30
620,10002.0,2005-12-30,11.0,3.0,0.0024777043145149946,2005-12-30
621,10002.0,2006-01-31,11.0,3.0,0.029850764200091362,2006-01-31
622,10002.0,2006-02-28,11.0,3.0,0.06570041924715042,2006-02-28
623,10002.0,2006-03-31,11.0,3.0,0.009972807951271534,2006-03-31
624,10002.0,2006-04-28,11.0,3.0,-0.06726861745119095,2006-04-28
625,10002.0,2006-05-31,11.0,3.0,0.04937078803777695,2006-05-31
626,10002.0,2006-06-30,11.0,3.0,0.08856084197759628,2006-06-30
627,10002.0,2006-07-31,11.0,3.0,0.17128251492977142,2006-07-31
628,10002.0,2006-08-31,11.0,3.0,-0.03419427201151848,2006-08-31
629,10002.0,2006-09-29,11.0,3.0,0.05536723881959915,2006-09-29
630,10002.0,2006-10-31,11.0,3.0,-0.12119036167860031,2006-10-31
631,10002.0,2006-11-30,11.0,3.0,-0.012239948846399784,2006-11-30
632,10002.0,2006-12-29,11.0,3.0,0.05947961285710335,2006-12-29
633,10002.0,2007-01-31,11.0,3.0,-0.1583072394132614,2007-01-31
634,10002.0,2007-02-28,11.0,3.0,0.03305405005812645,2007-02-28
635,10002.0,2007-03-30,11.0,3.0,-0.040558841079473495,2007-03-30
636,10002.0,2007-04-30,11.0,3.0,-0.0534026063978672,2007-04-30
637,10002.0,2007-05-31,11.0,3.0,0.000499262532684952,2007-05-31
638,10002.0,2007-06-29,11.0,3.0,0.05439116805791855,2007-06-29
639,10002.0,2007-07-31,11.0,3.0,-0.16761906445026398,2007-07-31
640,10002.0,2007-08-31,11.0,3.0,-0.07093820720911026,2007-08-31
641,10002.0,2007-09-28,11.0,3.0,-0.009852214716374874,2007-09-28
642,10002.0,2007-10-31,11.0,3.0,-0.1542319804430008,2007-10-31
643,10002.0,2007-11-30,11.0,3.0,-0.07709414511919022,2007-11-30
644,10002.0,2007-12-31,11.0,3.0,-0.017670636996626854,2007-12-31
645,10002.0,2008-01-31,11.0,3.0,0.020661156624555588,2008-01-31
646,10002.0,2008-02-29,11.0,3.0,-0.11012150347232819,2008-02-29
647,10002.0,2008-03-31,11.0,3.0,-0.010009079240262508,2008-03-31
648,10002.0,2008-04-30,11.0,3.0,0.010232525877654552,2008-04-30
649,10002.0,2008-05-30,11.0,3.0,-0.07366475462913513,2008-05-30
650,10002.0,2008-06-30,11.0,3.0,-0.3320079743862152,2008-06-30
651,10002.0,2008-07-31,11.0,3.0,0.13808798789978027,2008-07-31
652,10002.0,2008-08-29,11.0,3.0,0.1253332793712616,2008-08-29
653,10002.0,2008-09-30,11.0,3.0,0.5699052810668945,2008-09-30
654,10002.0,2008-10-31,11.0,3.0,-0.05030486732721329,2008-10-31
655,10002.0,2008-11-28,11.0,3.0,0.0016050966223701835,2008-11-28
656,10002.0,2008-12-31,11.0,3.0,0.19310903549194336,2008-12-31
657,10002.0,2009-01-30,11.0,3.0,-0.3990515172481537,2009-01-30
658,10002.0,2009-02-27,11.0,3.0,-0.3122886121273041,2009-02-27
659,10002.0,2009-03-31,11.0,3.0,0.041803281754255295,2009-03-31
660,10002.0,2009-04-30,11.0,3.0,0.03949446976184845,2009-04-30
661,10002.0,2009-05-29,11.0,3.0,-0.36626139283180237,2009-05-29
662,10002.0,2009-06-30,11.0,3.0,-0.28297361731529236,2009-06-30
663,10002.0,2009-07-31,11.0,3.0,-0.07046981155872345,2009-07-31
664,10002.0,2009-08-31,11.0,3.0,0.34296029806137085,2009-08-31
665,10002.0,2009-09-30,11.0,3.0,-0.04032260552048683,2009-09-30
666,10002.0,2009-10-30,11.0,3.0,-0.10084030777215958,2009-10-30
667,10002.0,2009-11-30,11.0,3.0,-0.1370716691017151,2009-11-30
668,10002.0,2009-12-31,11.0,3.0,0.036101050674915314,2009-12-31
669,10002.0,2010-01-29,11.0,3.0,0.3658537268638611,2010-01-29
670,10002.0,2010-02-26,11.0,3.0,0.1556122750043869,2010-02-26
671,10002.0,2010-03-31,11.0,3.0,0.07064010947942734,2010-03-31
672,10002.0,2010-04-30,11.0,3.0,0.2762886881828308,2010-04-30
673,10002.0,2010-05-28,11.0,3.0,-0.2843295931816101,2010-05-28
674,10002.0,2010-06-30,11.0,3.0,-0.1647855043411255,2010-06-30
675,10002.0,2010-07-30,11.0,3.0,-0.17027029395103455,2010-07-30
676,10002.0,2010-08-31,11.0,3.0,0.009771977551281452,2010-08-31
677,10002.0,2010-09-30,11.0,3.0,-0.016129016876220703,2010-09-30
678,10002.0,2010-10-29,11.0,3.0,-0.05573765188455582,2010-10-29
679,10002.0,2010-11-30,11.0,3.0,-0.1284722536802292,2010-11-30
680,10002.0,2010-12-31,11.0,3.0,0.06374505162239075,2010-12-31
681,10002.0,2011-01-31,11.0,3.0,0.04119846224784851,2011-01-31
682,10002.0,2011-02-28,11.0,3.0,-0.05035966634750366,2011-02-28
683,10002.0,2011-03-31,11.0,3.0,-0.0681818425655365,2011-03-31
684,10002.0,2011-04-29,11.0,3.0,0.016260147094726562,2011-04-29
685,10002.0,2011-05-31,11.0,3.0,-0.023999977856874466,2011-05-31
686,10002.0,2011-06-30,11.0,3.0,0.05327863618731499,2011-06-30
687,10002.0,2011-07-29,11.0,3.0,-0.0778210312128067,2011-07-29
688,10002.0,2011-08-31,11.0,3.0,-0.029535837471485138,2011-08-31
689,10002.0,2011-09-30,11.0,3.0,0.0,2011-09-30
690,10002.0,2011-10-31,11.0,3.0,-0.3201739192008972,2011-10-31
691,10002.0,2011-11-30,11.0,3.0,0.10642112791538239,2011-11-30
692,10002.0,2011-12-30,11.0,3.0,-0.2832370102405548,2011-12-30
693,10002.0,2012-01-31,11.0,3.0,0.032258033752441406,2012-01-31
694,10002.0,2012-02-29,11.0,3.0,0.015624985098838806,2012-02-29
695,10002.0,2012-03-30,11.0,3.0,0.11538469046354294,2012-03-30
696,10002.0,2012-04-30,11.0,3.0,0.4344826638698578,2012-04-30
697,10002.0,2012-05-31,11.0,3.0,0.4134616255760193,2012-05-31
698,10002.0,2012-06-29,11.0,3.0,0.017006786540150642,2012-06-29
699,10002.0,2012-07-31,11.0,3.0,-0.010033435188233852,2012-07-31
700,10002.0,2012-08-31,11.0,3.0,-0.020270250737667084,2012-08-31
701,10002.0,2012-09-28,11.0,3.0,0.027586178854107857,2012-09-28
702,10002.0,2012-10-31,11.0,3.0,-0.04362419992685318,2012-10-31
703,10002.0,2012-11-30,11.0,3.0,-0.03512273728847504,2012-11-30
704,10002.0,2012-12-31,11.0,3.0,0.010945804417133331,2012-12-31
705,10002.0,2013-01-31,11.0,3.0,0.035971276462078094,2013-01-31
706,10002.0,2013-02-28,11.0,3.0,,2013-02-28
707,10003.0,1985-12-31,,3.0,,1985-12-31
708,10003.0,1986-01-31,11.0,3.0,,1986-01-31
709,10003.0,1986-02-28,11.0,3.0,0.011363636702299118,1986-02-28
710,10003.0,1986-03-31,11.0,3.0,-0.01123595517128706,1986-03-31
711,10003.0,1986-04-30,11.0,3.0,-0.0625,1986-04-30
712,10003.0,1986-05-30,11.0,3.0,-0.0060606058686971664,1986-05-30
713,10003.0,1986-06-30,11.0,3.0,0.060975611209869385,1986-06-30
714,10003.0,1986-07-31,11.0,3.0,-0.1149425283074379,1986-07-31
715,10003.0,1986-08-29,11.0,3.0,0.012987012974917889,1986-08-29
716,10003.0,1986-09-30,11.0,3.0,-0.057692307978868484,1986-09-30
717,10003.0,1986-10-31,11.0,3.0,0.12925170361995697,1986-10-31
718,10003.0,1986-11-28,11.0,3.0,-0.024096384644508362,1986-11-28
719,10003.0,1986-12-31,11.0,3.0,-0.04938271641731262,1986-12-31
720,10003.0,1987-01-30,11.0,3.0,0.12987013161182404,1987-01-30
721,10003.0,1987-02-27,11.0,3.0,0.01149425283074379,1987-02-27
722,10003.0,1987-03-31,11.0,3.0,0.0,1987-03-31
723,10003.0,1987-04-30,11.0,3.0,-0.05113636329770088,1987-04-30
724,10003.0,1987-05-29,11.0,3.0,-0.12574850022792816,1987-05-29
725,10003.0,1987-06-30,11.0,3.0,-0.027397260069847107,1987-06-30
726,10003.0,1987-07-31,11.0,3.0,-0.04929577559232712,1987-07-31
727,10003.0,1987-08-31,11.0,3.0,0.06518518179655075,1987-08-31
728,10003.0,1987-09-30,11.0,3.0,-0.0419580414891243,1987-09-30
729,10003.0,1987-10-30,11.0,3.0,-0.22627736628055573,1987-10-30
730,10003.0,1987-11-30,11.0,3.0,0.11320754885673523,1987-11-30
731,10003.0,1987-12-31,11.0,3.0,-0.03448275849223137,1987-12-31
732,10003.0,1988-01-29,11.0,3.0,0.3392857015132904,1988-01-29
733,10003.0,1988-02-29,11.0,3.0,0.02666666731238365,1988-02-29
734,10003.0,1988-03-31,11.0,3.0,0.02631578966975212,1988-03-31
735,10003.0,1988-04-29,11.0,3.0,-0.08974359184503555,1988-04-29
736,10003.0,1988-05-31,11.0,3.0,0.06338027864694595,1988-05-31
737,10003.0,1988-06-30,11.0,3.0,0.12751677632331848,1988-06-30
738,10003.0,1988-07-29,11.0,3.0,0.0595238097012043,1988-07-29
739,10003.0,1988-08-31,11.0,3.0,-0.056179776787757874,1988-08-31
740,10003.0,1988-09-30,11.0,3.0,-0.10843373835086823,1988-09-30
741,10003.0,1988-10-31,11.0,3.0,0.027027027681469917,1988-10-31
742,10003.0,1988-11-30,11.0,3.0,0.0,1988-11-30
743,10003.0,1988-12-30,11.0,3.0,0.013333333656191826,1988-12-30
744,10003.0,1989-01-31,11.0,3.0,-0.03947368264198303,1989-01-31
745,10003.0,1989-02-28,11.0,3.0,-0.054794520139694214,1989-02-28
746,10003.0,1989-03-31,11.0,3.0,0.07352941483259201,1989-03-31
747,10003.0,1989-04-28,11.0,3.0,-0.054794520139694214,1989-04-28
748,10003.0,1989-05-31,11.0,3.0,0.12318840622901917,1989-05-31
749,10003.0,1989-06-30,11.0,3.0,-0.1895424872636795,1989-06-30
750,10003.0,1989-07-31,11.0,3.0,0.032258063554763794,1989-07-31
751,10003.0,1989-08-31,11.0,3.0,0.12656250596046448,1989-08-31
752,10003.0,1989-09-29,11.0,3.0,-0.07042253762483597,1989-09-29
753,10003.0,1989-10-31,11.0,3.0,-0.19696970283985138,1989-10-31
754,10003.0,1989-11-30,11.0,3.0,-0.1320754736661911,1989-11-30
755,10003.0,1989-12-29,11.0,3.0,-0.260869562625885,1989-12-29
756,10003.0,1990-01-31,11.0,3.0,-0.0882352963089943,1990-01-31
757,10003.0,1990-02-28,11.0,3.0,0.25806450843811035,1990-02-28
758,10003.0,1990-03-30,11.0,3.0,-0.1794871836900711,1990-03-30
759,10003.0,1990-04-30,11.0,3.0,-0.125,1990-04-30
760,10003.0,1990-05-31,11.0,3.0,0.0,1990-05-31
761,10003.0,1990-06-29,11.0,3.0,-0.1785714328289032,1990-06-29
762,10003.0,1990-07-31,11.0,3.0,-0.1304347813129425,1990-07-31
763,10003.0,1990-08-31,11.0,3.0,0.22499999403953552,1990-08-31
764,10003.0,1990-09-28,11.0,3.0,-0.36734694242477417,1990-09-28
765,10003.0,1990-10-31,11.0,3.0,0.032258063554763794,1990-10-31
766,10003.0,1990-11-30,11.0,3.0,-0.1875,1990-11-30
767,10003.0,1990-12-31,11.0,3.0,-0.23076923191547394,1990-12-31
768,10003.0,1991-01-31,11.0,3.0,0.05000000074505806,1991-01-31
769,10003.0,1991-02-28,11.0,3.0,0.1428571492433548,1991-02-28
770,10003.0,1991-03-28,11.0,3.0,-0.0416666679084301,1991-03-28
771,10003.0,1991-04-30,11.0,3.0,0.0,1991-04-30
772,10003.0,1991-05-31,11.0,3.0,0.260869562625885,1991-05-31
773,10003.0,1991-06-28,11.0,3.0,-0.3103448152542114,1991-06-28
774,10003.0,1991-07-31,11.0,3.0,0.20000000298023224,1991-07-31
775,10003.0,1991-08-30,11.0,3.0,-0.0416666679084301,1991-08-30
776,10003.0,1991-09-30,11.0,3.0,-0.043478261679410934,1991-09-30
777,10003.0,1991-10-31,11.0,3.0,-0.27272728085517883,1991-10-31
778,10003.0,1991-11-29,11.0,3.0,-0.1875,1991-11-29
779,10003.0,1991-12-31,11.0,3.0,-0.26923078298568726,1991-12-31
780,10003.0,1992-01-31,11.0,3.0,1.736842155456543,1992-01-31
781,10003.0,1992-02-28,11.0,3.0,-0.1538461595773697,1992-02-28
782,10003.0,1992-03-31,11.0,3.0,0.13636364042758942,1992-03-31
783,10003.0,1992-04-30,11.0,3.0,-0.05999999865889549,1992-04-30
784,10003.0,1992-05-29,11.0,3.0,0.10638298094272614,1992-05-29
785,10003.0,1992-06-30,11.0,3.0,-0.17307692766189575,1992-06-30
786,10003.0,1992-07-31,11.0,3.0,-0.25581395626068115,1992-07-31
787,10003.0,1992-08-31,11.0,3.0,0.0625,1992-08-31
788,10003.0,1992-09-30,11.0,3.0,0.29411765933036804,1992-09-30
789,10003.0,1992-10-30,11.0,3.0,-0.27272728085517883,1992-10-30
790,10003.0,1992-11-30,11.0,3.0,0.375,1992-11-30
791,10003.0,1992-12-31,11.0,3.0,0.40909090638160706,1992-12-31
792,10003.0,1993-01-29,11.0,3.0,0.22580644488334656,1993-01-29
793,10003.0,1993-02-26,11.0,3.0,-0.07894736528396606,1993-02-26
794,10003.0,1993-03-31,11.0,3.0,-0.02857142873108387,1993-03-31
795,10003.0,1993-04-30,11.0,3.0,-0.1764705926179886,1993-04-30
796,10003.0,1993-05-28,11.0,3.0,-0.0714285746216774,1993-05-28
797,10003.0,1993-06-30,11.0,3.0,-0.01923076994717121,1993-06-30
798,10003.0,1993-07-30,11.0,3.0,0.09803921729326248,1993-07-30
799,10003.0,1993-08-31,11.0,3.0,0.0,1993-08-31
800,10003.0,1993-09-30,11.0,3.0,0.0357142873108387,1993-09-30
801,10003.0,1993-10-29,11.0,3.0,-0.17241379618644714,1993-10-29
802,10003.0,1993-11-30,11.0,3.0,-0.0833333358168602,1993-11-30
803,10003.0,1993-12-31,11.0,3.0,-0.06818182021379471,1993-12-31
804,10003.0,1994-01-31,11.0,3.0,0.0731707289814949,1994-01-31
805,10003.0,1994-02-28,11.0,3.0,-0.09090909361839294,1994-02-28
806,10003.0,1994-03-31,11.0,3.0,0.05000000074505806,1994-03-31
807,10003.0,1994-04-29,11.0,3.0,0.0,1994-04-29
808,10003.0,1994-05-31,11.0,3.0,0.190476194024086,1994-05-31
809,10003.0,1994-06-30,11.0,3.0,-0.10000000149011612,1994-06-30
810,10003.0,1994-07-29,11.0,3.0,0.02222222276031971,1994-07-29
811,10003.0,1994-08-31,11.0,3.0,-0.08695652335882187,1994-08-31
812,10003.0,1994-09-30,11.0,3.0,-0.095238097012043,1994-09-30
813,10003.0,1994-10-31,11.0,3.0,0.15789473056793213,1994-10-31
814,10003.0,1994-11-30,11.0,3.0,-0.09090909361839294,1994-11-30
815,10003.0,1994-12-30,11.0,3.0,-0.10000000149011612,1994-12-30
816,10003.0,1995-01-31,11.0,3.0,-0.0555555559694767,1995-01-31
817,10003.0,1995-02-28,11.0,3.0,0.029411764815449715,1995-02-28
818,10003.0,1995-03-31,11.0,3.0,-0.08571428805589676,1995-03-31
819,10003.0,1995-04-28,11.0,3.0,0.5,1995-04-28
820,10003.0,1995-05-31,11.0,3.0,-0.125,1995-05-31
821,10003.0,1995-06-30,11.0,3.0,0.523809552192688,1995-06-30
822,10003.0,1995-07-31,11.0,3.0,0.15625,1995-07-31
823,10003.0,1995-08-31,11.0,3.0,0.0810810774564743,1995-08-31
824,10003.0,1995-09-29,11.0,3.0,0.07500000298023224,1995-09-29
825,10003.0,1995-10-31,11.0,3.0,-0.04651162773370743,1995-10-31
826,10003.0,1995-11-30,11.0,3.0,0.04878048598766327,1995-11-30
827,10003.0,1995-12-29,11.0,3.0,,1995-12-29
828,10005.0,1985-12-31,,3.0,,1985-12-31
829,10005.0,1986-01-31,10.0,3.0,,1986-01-31
830,10005.0,1986-02-28,10.0,3.0,-0.3333333432674408,1986-02-28
831,10005.0,1986-03-31,10.0,3.0,0.125,1986-03-31
832,10005.0,1986-04-30,10.0,3.0,0.0555555559694767,1986-04-30
833,10005.0,1986-05-30,10.0,3.0,0.0,1986-05-30
834,10005.0,1986-06-30,10.0,3.0,-0.5263158082962036,1986-06-30
835,10005.0,1986-07-31,10.0,3.0,-0.5555555820465088,1986-07-31
836,10005.0,1986-08-29,10.0,3.0,0.25,1986-08-29
837,10005.0,1986-09-30,10.0,3.0,0.4000000059604645,1986-09-30
838,10005.0,1986-10-31,10.0,3.0,0.0,1986-10-31
839,10005.0,1986-11-28,10.0,3.0,-0.1428571492433548,1986-11-28
840,10005.0,1986-12-31,10.0,3.0,0.0,1986-12-31
841,10005.0,1987-01-30,10.0,3.0,0.6666666865348816,1987-01-30
842,10005.0,1987-02-27,10.0,3.0,0.10000000149011612,1987-02-27
843,10005.0,1987-03-31,10.0,3.0,0.0,1987-03-31
844,10005.0,1987-04-30,10.0,3.0,0.0,1987-04-30
845,10005.0,1987-05-29,10.0,3.0,0.4545454680919647,1987-05-29
846,10005.0,1987-06-30,10.0,3.0,-0.125,1987-06-30
847,10005.0,1987-07-31,10.0,3.0,0.7142857313156128,1987-07-31
848,10005.0,1987-08-31,10.0,3.0,-0.375,1987-08-31
849,10005.0,1987-09-30,10.0,3.0,-0.2666666805744171,1987-09-30
850,10005.0,1987-10-30,10.0,3.0,-0.1818181872367859,1987-10-30
851,10005.0,1987-11-30,10.0,3.0,0.0,1987-11-30
852,10005.0,1987-12-31,10.0,3.0,0.0,1987-12-31
853,10005.0,1988-01-29,10.0,3.0,0.1111111119389534,1988-01-29
854,10005.0,1988-02-29,10.0,3.0,0.0,1988-02-29
855,10005.0,1988-03-31,10.0,3.0,0.0,1988-03-31
856,10005.0,1988-04-29,10.0,3.0,-0.20000000298023224,1988-04-29
857,10005.0,1988-05-31,10.0,3.0,-0.125,1988-05-31
858,10005.0,1988-06-30,10.0,3.0,0.0,1988-06-30
859,10005.0,1988-07-29,10.0,3.0,0.2857142984867096,1988-07-29
860,10005.0,1988-08-31,10.0,3.0,0.0,1988-08-31
861,10005.0,1988-09-30,10.0,3.0,-0.3333333432674408,1988-09-30
862,10005.0,1988-10-31,10.0,3.0,0.0,1988-10-31
863,10005.0,1988-11-30,10.0,3.0,0.0,1988-11-30
864,10005.0,1988-12-30,10.0,3.0,0.0,1988-12-30
865,10005.0,1989-01-31,10.0,3.0,0.0,1989-01-31
866,10005.0,1989-02-28,10.0,3.0,0.0,1989-02-28
867,10005.0,1989-03-31,10.0,3.0,0.0,1989-03-31
868,10005.0,1989-04-28,10.0,3.0,-0.1666666716337204,1989-04-28
869,10005.0,1989-05-31,10.0,3.0,0.0,1989-05-31
870,10005.0,1989-06-30,10.0,3.0,0.0,1989-06-30
871,10005.0,1989-07-31,10.0,3.0,0.0,1989-07-31
872,10005.0,1989-08-31,10.0,3.0,-0.20000000298023224,1989-08-31
873,10005.0,1989-09-29,10.0,3.0,-0.25,1989-09-29
874,10005.0,1989-10-31,10.0,3.0,0.0,1989-10-31
875,10005.0,1989-11-30,10.0,3.0,0.3333333432674408,1989-11-30
876,10005.0,1989-12-29,10.0,3.0,0.0,1989-12-29
877,10005.0,1990-01-31,10.0,3.0,0.0,1990-01-31
878,10005.0,1990-02-28,10.0,3.0,-0.25,1990-02-28
879,10005.0,1990-03-30,10.0,3.0,0.0,1990-03-30
880,10005.0,1990-04-30,10.0,3.0,0.0,1990-04-30
881,10005.0,1990-05-31,10.0,3.0,0.0,1990-05-31
882,10005.0,1990-06-29,10.0,3.0,0.0,1990-06-29
883,10005.0,1990-07-31,10.0,3.0,0.0,1990-07-31
884,10005.0,1990-08-31,10.0,3.0,0.0,1990-08-31
885,10005.0,1990-09-28,10.0,3.0,0.6666666865348816,1990-09-28
886,10005.0,1990-10-31,10.0,3.0,-0.4000000059604645,1990-10-31
887,10005.0,1990-11-30,10.0,3.0,0.0,1990-11-30
888,10005.0,1990-12-31,10.0,3.0,0.0,1990-12-31
889,10005.0,1991-01-31,10.0,3.0,0.6666666865348816,1991-01-31
890,10005.0,1991-02-28,10.0,3.0,0.0,1991-02-28
891,10005.0,1991-03-28,10.0,3.0,0.0,1991-03-28
892,10005.0,1991-04-30,10.0,3.0,0.0,1991-04-30
893,10005.0,1991-05-31,10.0,3.0,0.0,1991-05-31
894,10005.0,1991-06-28,10.0,3.0,0.6000000238418579,1991-06-28
895,10005.0,1991-07-31,10.0,3.0,,1991-07-31
896,10006.0,1926-01-30,10.0,1.0,0.03273170441389084,1926-01-30
897,10006.0,1926-02-27,10.0,1.0,-0.0714285746216774,1926-02-27
898,10006.0,1926-03-31,10.0,1.0,-0.04273504391312599,1926-03-31
899,10006.0,1926-04-30,10.0,1.0,-0.02590673603117466,1926-04-30
900,10006.0,1926-05-28,10.0,1.0,0.02393617108464241,1926-05-28
901,10006.0,1926-06-30,10.0,1.0,0.04415584355592728,1926-06-30
902,10006.0,1926-07-31,10.0,1.0,,1926-07-31
903,10006.0,1926-08-31,10.0,1.0,0.020202020183205605,1926-08-31
904,10006.0,1926-09-30,10.0,1.0,0.009900989942252636,1926-09-30
905,10006.0,1926-10-30,10.0,1.0,-0.014925372786819935,1926-10-30
906,10006.0,1926-11-30,10.0,1.0,0.047979798167943954,1926-11-30
907,10006.0,1926-12-31,10.0,1.0,-0.0072289155796170235,1926-12-31
908,10006.0,1927-01-31,10.0,1.0,-0.013546798378229141,1927-01-31
909,10006.0,1927-02-28,10.0,1.0,0.06616728752851486,1927-02-28
910,10006.0,1927-03-31,10.0,1.0,-0.028103044256567955,1927-03-31
911,10006.0,1927-04-30,10.0,1.0,-0.014669926837086678,1927-04-30
912,10006.0,1927-05-31,10.0,1.0,0.07816377282142639,1927-05-31
913,10006.0,1927-06-30,10.0,1.0,-0.07479862123727798,1927-06-30
914,10006.0,1927-07-30,10.0,1.0,0.03030303120613098,1927-07-30
915,10006.0,1927-08-31,10.0,1.0,0.0024509804788976908,1927-08-31
916,10006.0,1927-09-30,10.0,1.0,0.012224938720464706,1927-09-30
917,10006.0,1927-10-31,10.0,1.0,-0.029411764815449715,1927-10-31
918,10006.0,1927-11-30,10.0,1.0,0.05050504952669144,1927-11-30
919,10006.0,1927-12-31,10.0,1.0,0.07451923191547394,1927-12-31
920,10006.0,1928-01-31,10.0,1.0,0.0,1928-01-31
921,10006.0,1928-02-29,10.0,1.0,-0.038548752665519714,1928-02-29
922,10006.0,1928-03-31,10.0,1.0,0.014150943607091904,1928-03-31
923,10006.0,1928-04-30,10.0,1.0,-0.009433962404727936,1928-04-30
924,10006.0,1928-05-31,10.0,1.0,-0.03214285895228386,1928-05-31
925,10006.0,1928-06-30,10.0,1.0,-0.03936039283871651,1928-06-30
926,10006.0,1928-07-31,10.0,1.0,-0.06371911615133286,1928-07-31
927,10006.0,1928-08-31,10.0,1.0,0.04444444552063942,1928-08-31
928,10006.0,1928-09-29,10.0,1.0,0.035904254764318466,1928-09-29
929,10006.0,1928-10-31,10.0,1.0,-0.050847455859184265,1928-10-31
930,10006.0,1928-11-30,10.0,1.0,0.032967034727334976,1928-11-30
931,10006.0,1928-12-31,10.0,1.0,0.059840425848960876,1928-12-31
932,10006.0,1929-01-31,10.0,1.0,0.01146496832370758,1929-01-31
933,10006.0,1929-02-28,10.0,1.0,0.002518891589716077,1929-02-28
934,10006.0,1929-03-28,10.0,1.0,0.027638191357254982,1929-03-28
935,10006.0,1929-04-30,10.0,1.0,-0.022332506254315376,1929-04-30
936,10006.0,1929-05-31,10.0,1.0,-0.04568528011441231,1929-05-31
937,10006.0,1929-06-29,10.0,1.0,0.042553190141916275,1929-06-29
938,10006.0,1929-07-31,10.0,1.0,0.038860104978084564,1929-07-31
939,10006.0,1929-08-30,10.0,1.0,-0.013715710490942001,1929-08-30
940,10006.0,1929-09-30,10.0,1.0,-0.029077118262648582,1929-09-30
941,10006.0,1929-10-31,10.0,1.0,-0.0634920671582222,1929-10-31
942,10006.0,1929-11-27,10.0,1.0,-0.028248587623238564,1929-11-27
943,10006.0,1929-12-31,10.0,1.0,-0.075581394135952,1929-12-31
944,10006.0,1930-01-31,10.0,1.0,0.028846153989434242,1930-01-31
945,10006.0,1930-02-28,10.0,1.0,-0.015576324425637722,1930-02-28
946,10006.0,1930-03-31,10.0,1.0,-0.09493670612573624,1930-03-31
947,10006.0,1930-04-30,10.0,1.0,-0.21071428060531616,1930-04-30
948,10006.0,1930-05-29,10.0,1.0,-0.022624434903264046,1930-05-29
949,10006.0,1930-06-30,10.0,1.0,-0.018518518656492233,1930-06-30
950,10006.0,1930-07-31,10.0,1.0,-0.03883495181798935,1930-07-31
951,10006.0,1930-08-29,10.0,1.0,-0.020202020183205605,1930-08-29
952,10006.0,1930-09-30,10.0,1.0,-0.0824742242693901,1930-09-30
953,10006.0,1930-10-31,10.0,1.0,-0.18313953280448914,1930-10-31
954,10006.0,1930-11-29,10.0,1.0,0.05338078364729881,1930-11-29
955,10006.0,1930-12-31,10.0,1.0,-0.21621622145175934,1930-12-31
956,10006.0,1931-01-31,10.0,1.0,0.13636364042758942,1931-01-31
957,10006.0,1931-02-28,10.0,1.0,0.15199999511241913,1931-02-28
958,10006.0,1931-03-31,10.0,1.0,-0.1180555522441864,1931-03-31
959,10006.0,1931-04-30,10.0,1.0,-0.32258063554763794,1931-04-30
960,10006.0,1931-05-29,10.0,1.0,-0.1488095223903656,1931-05-29
961,10006.0,1931-06-30,10.0,1.0,0.1818181872367859,1931-06-30
962,10006.0,1931-07-31,10.0,1.0,-0.14371258020401,1931-07-31
963,10006.0,1931-08-31,10.0,1.0,-0.11888112127780914,1931-08-31
964,10006.0,1931-09-30,10.0,1.0,-0.3730158805847168,1931-09-30
965,10006.0,1931-10-31,10.0,1.0,0.4025973975658417,1931-10-31
966,10006.0,1931-11-30,10.0,1.0,-0.2777777910232544,1931-11-30
967,10006.0,1931-12-31,10.0,1.0,-0.3076923191547394,1931-12-31
968,10006.0,1932-01-30,10.0,1.0,0.07407407462596893,1932-01-30
969,10006.0,1932-02-29,10.0,1.0,0.06896551698446274,1932-02-29
970,10006.0,1932-03-31,10.0,1.0,-0.16129031777381897,1932-03-31
971,10006.0,1932-04-30,10.0,1.0,-0.1538461595773697,1932-04-30
972,10006.0,1932-05-31,10.0,1.0,-0.27272728085517883,1932-05-31
973,10006.0,1932-06-30,10.0,1.0,-0.03125,1932-06-30
974,10006.0,1932-07-30,10.0,1.0,1.1612902879714966,1932-07-30
975,10006.0,1932-08-31,10.0,1.0,0.5820895433425903,1932-08-31
976,10006.0,1932-09-30,10.0,1.0,-0.1320754736661911,1932-09-30
977,10006.0,1932-10-31,10.0,1.0,-0.29891303181648254,1932-10-31
978,10006.0,1932-11-30,10.0,1.0,-0.1472868174314499,1932-11-30
979,10006.0,1932-12-31,10.0,1.0,0.0181818176060915,1932-12-31
980,10006.0,1933-01-31,10.0,1.0,0.0892857164144516,1933-01-31
981,10006.0,1933-02-28,10.0,1.0,-0.08196721225976944,1933-02-28
982,10006.0,1933-03-31,10.0,1.0,0.1428571492433548,1933-03-31
983,10006.0,1933-04-29,10.0,1.0,0.84375,1933-04-29
984,10006.0,1933-05-31,10.0,1.0,0.49152541160583496,1933-05-31
985,10006.0,1933-06-30,10.0,1.0,0.6590909361839294,1933-06-30
986,10006.0,1933-07-31,10.0,1.0,-0.31506848335266113,1933-07-31
987,10006.0,1933-08-31,10.0,1.0,0.27000001072883606,1933-08-31
988,10006.0,1933-09-30,10.0,1.0,-0.11811023950576782,1933-09-30
989,10006.0,1933-10-31,10.0,1.0,-0.2678571343421936,1933-10-31
990,10006.0,1933-11-29,10.0,1.0,0.07926829159259796,1933-11-29
991,10006.0,1933-12-30,10.0,1.0,0.10734463483095169,1933-12-30
992,10006.0,1934-01-31,10.0,1.0,0.1428571492433548,1934-01-31
993,10006.0,1934-02-28,10.0,1.0,-0.008928571827709675,1934-02-28
994,10006.0,1934-03-31,10.0,1.0,0.027027027681469917,1934-03-31
995,10006.0,1934-04-30,10.0,1.0,-0.08771929889917374,1934-04-30
996,10006.0,1934-05-31,10.0,1.0,-0.20673076808452606,1934-05-31
997,10006.0,1934-06-30,10.0,1.0,-0.0060606058686971664,1934-06-30
998,10006.0,1934-07-31,10.0,1.0,-0.3048780560493469,1934-07-31
999,10006.0,1934-08-31,10.0,1.0,0.15789473056793213,1934-08-31
