sample	clean_reads	rRNA	hg38(no_rRNA)
10515058-A	44369560	2652129	39193976
12402567-A	61339043	1189562	50443256
13515292-A	44722389	363451	37746626
17402567-B	46906234	965861	35146222
249136-B	57261930	4248383	36598642
333874-A	36966418	902730	22992623
3497470-B	48256006	817827	30932691
385247-A	36511735	2183045	30590515
385247-B	52477944	2561319	41973030
423976-B	35262529	711737	23559178
482592-A	44667841	1143309	35115207
486978-A	58518114	1565378	49797855
497411-B	65901274	1083994	54011618
497497-B	28713031	29887	25220482
498127-B	69713812	1333925	61330684
498187-A	46530565	2067237	40565785
498187-B	59558226	3015494	48791801
498191-A	41328975	3921398	34068578
498221-A	84397409	1802074	76656005
498221-B	18406417	352834	13659829
507450-B	39549361	562130	35830154
507468-B	53979018	2148350	41416779
507511-B	44556911	3205578	37832317
507599-B	39448644	894499	34870734
507867-B	56691843	3093639	50020501
507887-B	37428784	1543698	32367328
507891-B	47265157	1132428	38705754
507909-B	43677009	672935	37009776
508877-B	37661049	1572537	32444928
508897-B	38367800	2471382	30163115
508955-A	38039139	1019212	27332291
509155-A	32428931	384289	29818541
509442-A	49456530	629571	38636939
509970-A	40999911	1858891	34294926
510199-A	34162964	1085490	31261454
510470-A	25446043	200268	21057864
511030-B	43985959	470254	23217869
511122-A	25731506	55243	5442276
511485-B	35554902	435952	31708922
515058-A	39529828	364285	36247891
515058-B	46980587	941423	39214618
515292-A	45332569	246375	43394726
515292-B	42563738	647853	39752729
5474594-B	48493598	614600	44457698
6474170-B	31081743	820524	28156878
8397116-B	58941571	907717	46398426
BD-LOW-mix	43797407	716083	39132678
CXD	25269807	704481	20539595
LY	30952985	921878	19610385
Normal-1	43945070	188031	41819011
Normal-2	44118985	420474	42350327
Normal-3	45212188	280524	41429072
Normal-4	53418875	242032	46613016
Normal-5	42268292	555722	39719335
Normal-6	56717060	454196	52647873
Normal-7	50255761	953728	47249556
Normal-8	61836300	2064820	48347067
SH325716-B	50384906	1405636	45997680
SH327409-B	45701312	1565154	41847368
SH327412-B	49260942	632269	46267651
SH327428-B	49348224	1181322	46167967
