1,3,11,5,8,6,7,9,10,12,2,4
1,3,11,5,8,6,7,9,10,12,4,2
1,3,11,5,8,6,7,9,10,2,12,4
1,3,11,5,8,6,7,9,10,2,4,12
1,3,11,5,8,6,7,9,10,4,12,2
1,3,11,5,8,6,7,9,10,4,2,12
1,3,11,5,8,6,7,10,9,12,2,4
1,3,11,5,8,6,7,10,9,12,4,2
1,3,11,5,8,6,7,10,9,2,12,4
1,3,11,5,8,6,7,10,9,2,4,12
1,3,11,5,8,6,7,10,9,4,12,2
1,3,11,5,8,6,7,10,9,4,2,12
1,3,11,5,8,6,9,7,10,12,2,4
1,3,11,5,8,6,9,7,10,12,4,2
1,3,11,5,8,6,9,7,10,2,12,4
1,3,11,5,8,6,9,7,10,2,4,12
1,3,11,5,8,6,9,7,10,4,12,2
1,3,11,5,8,6,9,7,10,4,2,12
1,3,11,5,8,6,9,10,7,12,2,4
1,3,11,5,8,6,9,10,7,12,4,2
1,3,11,5,8,6,9,10,7,2,12,4
1,3,11,5,8,6,9,10,7,2,4,12
1,3,11,5,8,6,9,10,7,4,12,2
1,3,11,5,8,6,9,10,7,4,2,12
1,3,11,5,8,6,10,7,9,12,2,4
1,3,11,5,8,6,10,7,9,12,4,2
1,3,11,5,8,6,10,7,9,2,12,4
1,3,11,5,8,6,10,7,9,2,4,12
1,3,11,5,8,6,10,7,9,4,12,2
1,3,11,5,8,6,10,7,9,4,2,12
1,3,11,5,8,6,10,9,7,12,2,4
1,3,11,5,8,6,10,9,7,12,4,2
1,3,11,5,8,6,10,9,7,2,12,4
1,3,11,5,8,6,10,9,7,2,4,12
1,3,11,5,8,6,10,9,7,4,12,2
1,3,11,5,8,6,10,9,7,4,2,12
1,3,11,5,8,7,6,9,10,12,2,4
1,3,11,5,8,7,6,9,10,12,4,2
1,3,11,5,8,7,6,9,10,2,12,4
1,3,11,5,8,7,6,9,10,2,4,12
1,3,11,5,8,7,6,9,10,4,12,2
1,3,11,5,8,7,6,9,10,4,2,12
1,3,11,5,8,7,6,10,9,12,2,4
1,3,11,5,8,7,6,10,9,12,4,2
1,3,11,5,8,7,6,10,9,2,12,4
1,3,11,5,8,7,6,10,9,2,4,12
1,3,11,5,8,7,6,10,9,4,12,2
1,3,11,5,8,7,6,10,9,4,2,12
1,3,11,5,8,7,9,6,10,12,2,4
1,3,11,5,8,7,9,6,10,12,4,2
1,3,11,5,8,7,9,6,10,2,12,4
1,3,11,5,8,7,9,6,10,2,4,12
1,3,11,5,8,7,9,6,10,4,12,2
1,3,11,5,8,7,9,6,10,4,2,12
1,3,11,5,8,7,9,10,6,12,2,4
1,3,11,5,8,7,9,10,6,12,4,2
1,3,11,5,8,7,9,10,6,2,12,4
1,3,11,5,8,7,9,10,6,2,4,12
1,3,11,5,8,7,9,10,6,4,12,2
1,3,11,5,8,7,9,10,6,4,2,12
1,3,11,5,8,7,10,6,9,12,2,4
1,3,11,5,8,7,10,6,9,12,4,2
1,3,11,5,8,7,10,6,9,2,12,4
1,3,11,5,8,7,10,6,9,2,4,12
1,3,11,5,8,7,10,6,9,4,12,2
1,3,11,5,8,7,10,6,9,4,2,12
1,3,11,5,8,7,10,9,6,12,2,4
1,3,11,5,8,7,10,9,6,12,4,2
1,3,11,5,8,7,10,9,6,2,12,4
1,3,11,5,8,7,10,9,6,2,4,12
1,3,11,5,8,7,10,9,6,4,12,2
1,3,11,5,8,7,10,9,6,4,2,12
1,3,11,5,8,9,6,7,10,12,2,4
1,3,11,5,8,9,6,7,10,12,4,2
1,3,11,5,8,9,6,7,10,2,12,4
1,3,11,5,8,9,6,7,10,2,4,12
1,3,11,5,8,9,6,7,10,4,12,2
1,3,11,5,8,9,6,7,10,4,2,12
1,3,11,5,8,9,6,10,7,12,2,4
1,3,11,5,8,9,6,10,7,12,4,2
1,3,11,5,8,9,6,10,7,2,12,4
1,3,11,5,8,9,6,10,7,2,4,12
1,3,11,5,8,9,6,10,7,4,12,2
1,3,11,5,8,9,6,10,7,4,2,12
1,3,11,5,8,9,7,6,10,12,2,4
1,3,11,5,8,9,7,6,10,12,4,2
1,3,11,5,8,9,7,6,10,2,12,4
1,3,11,5,8,9,7,6,10,2,4,12
1,3,11,5,8,9,7,6,10,4,12,2
1,3,11,5,8,9,7,6,10,4,2,12
1,3,11,5,8,9,7,10,6,12,2,4
1,3,11,5,8,9,7,10,6,12,4,2
1,3,11,5,8,9,7,10,6,2,12,4
1,3,11,5,8,9,7,10,6,2,4,12
1,3,11,5,8,9,7,10,6,4,12,2
1,3,11,5,8,9,7,10,6,4,2,12
1,3,11,5,8,9,10,6,7,12,2,4
1,3,11,5,8,9,10,6,7,12,4,2
1,3,11,5,8,9,10,6,7,2,12,4
1,3,11,5,8,9,10,6,7,2,4,12
1,3,11,5,8,9,10,6,7,4,12,2
1,3,11,5,8,9,10,6,7,4,2,12
1,3,11,5,8,9,10,7,6,12,2,4
1,3,11,5,8,9,10,7,6,12,4,2
1,3,11,5,8,9,10,7,6,2,12,4
1,3,11,5,8,9,10,7,6,2,4,12
1,3,11,5,8,9,10,7,6,4,12,2
1,3,11,5,8,9,10,7,6,4,2,12
1,3,11,5,8,10,6,7,9,12,2,4
1,3,11,5,8,10,6,7,9,12,4,2
1,3,11,5,8,10,6,7,9,2,12,4
1,3,11,5,8,10,6,7,9,2,4,12
1,3,11,5,8,10,6,7,9,4,12,2
1,3,11,5,8,10,6,7,9,4,2,12
1,3,11,5,8,10,6,9,7,12,2,4
1,3,11,5,8,10,6,9,7,12,4,2
1,3,11,5,8,10,6,9,7,2,12,4
1,3,11,5,8,10,6,9,7,2,4,12
1,3,11,5,8,10,6,9,7,4,12,2
1,3,11,5,8,10,6,9,7,4,2,12
1,3,11,5,8,10,7,6,9,12,2,4
1,3,11,5,8,10,7,6,9,12,4,2
1,3,11,5,8,10,7,6,9,2,12,4
1,3,11,5,8,10,7,6,9,2,4,12
1,3,11,5,8,10,7,6,9,4,12,2
1,3,11,5,8,10,7,6,9,4,2,12
1,3,11,5,8,10,7,9,6,12,2,4
1,3,11,5,8,10,7,9,6,12,4,2
1,3,11,5,8,10,7,9,6,2,12,4
1,3,11,5,8,10,7,9,6,2,4,12
1,3,11,5,8,10,7,9,6,4,12,2
1,3,11,5,8,10,7,9,6,4,2,12
1,3,11,5,8,10,9,6,7,12,2,4
1,3,11,5,8,10,9,6,7,12,4,2
1,3,11,5,8,10,9,6,7,2,12,4
1,3,11,5,8,10,9,6,7,2,4,12
1,3,11,5,8,10,9,6,7,4,12,2
1,3,11,5,8,10,9,6,7,4,2,12
1,3,11,5,8,10,9,7,6,12,2,4
1,3,11,5,8,10,9,7,6,12,4,2
1,3,11,5,8,10,9,7,6,2,12,4
1,3,11,5,8,10,9,7,6,2,4,12
1,3,11,5,8,10,9,7,6,4,12,2
1,3,11,5,8,10,9,7,6,4,2,12
1,3,11,8,5,6,7,9,10,12,2,4
1,3,11,8,5,6,7,9,10,12,4,2
1,3,11,8,5,6,7,9,10,2,12,4
1,3,11,8,5,6,7,9,10,2,4,12
1,3,11,8,5,6,7,9,10,4,12,2
1,3,11,8,5,6,7,9,10,4,2,12
1,3,11,8,5,6,7,10,9,12,2,4
1,3,11,8,5,6,7,10,9,12,4,2
1,3,11,8,5,6,7,10,9,2,12,4
1,3,11,8,5,6,7,10,9,2,4,12
1,3,11,8,5,6,7,10,9,4,12,2
1,3,11,8,5,6,7,10,9,4,2,12
1,3,11,8,5,6,9,7,10,12,2,4
1,3,11,8,5,6,9,7,10,12,4,2
1,3,11,8,5,6,9,7,10,2,12,4
1,3,11,8,5,6,9,7,10,2,4,12
1,3,11,8,5,6,9,7,10,4,12,2
1,3,11,8,5,6,9,7,10,4,2,12
1,3,11,8,5,6,9,10,7,12,2,4
1,3,11,8,5,6,9,10,7,12,4,2
1,3,11,8,5,6,9,10,7,2,12,4
1,3,11,8,5,6,9,10,7,2,4,12
1,3,11,8,5,6,9,10,7,4,12,2
1,3,11,8,5,6,9,10,7,4,2,12
1,3,11,8,5,6,10,7,9,12,2,4
1,3,11,8,5,6,10,7,9,12,4,2
1,3,11,8,5,6,10,7,9,2,12,4
1,3,11,8,5,6,10,7,9,2,4,12
1,3,11,8,5,6,10,7,9,4,12,2
1,3,11,8,5,6,10,7,9,4,2,12
1,3,11,8,5,6,10,9,7,12,2,4
1,3,11,8,5,6,10,9,7,12,4,2
1,3,11,8,5,6,10,9,7,2,12,4
1,3,11,8,5,6,10,9,7,2,4,12
1,3,11,8,5,6,10,9,7,4,12,2
1,3,11,8,5,6,10,9,7,4,2,12
1,3,11,8,5,7,6,9,10,12,2,4
1,3,11,8,5,7,6,9,10,12,4,2
1,3,11,8,5,7,6,9,10,2,12,4
1,3,11,8,5,7,6,9,10,2,4,12
1,3,11,8,5,7,6,9,10,4,12,2
1,3,11,8,5,7,6,9,10,4,2,12
1,3,11,8,5,7,6,10,9,12,2,4
1,3,11,8,5,7,6,10,9,12,4,2
1,3,11,8,5,7,6,10,9,2,12,4
1,3,11,8,5,7,6,10,9,2,4,12
1,3,11,8,5,7,6,10,9,4,12,2
1,3,11,8,5,7,6,10,9,4,2,12
1,3,11,8,5,7,9,6,10,12,2,4
1,3,11,8,5,7,9,6,10,12,4,2
1,3,11,8,5,7,9,6,10,2,12,4
1,3,11,8,5,7,9,6,10,2,4,12
1,3,11,8,5,7,9,6,10,4,12,2
1,3,11,8,5,7,9,6,10,4,2,12
1,3,11,8,5,7,9,10,6,12,2,4
1,3,11,8,5,7,9,10,6,12,4,2
1,3,11,8,5,7,9,10,6,2,12,4
1,3,11,8,5,7,9,10,6,2,4,12
1,3,11,8,5,7,9,10,6,4,12,2
1,3,11,8,5,7,9,10,6,4,2,12
1,3,11,8,5,7,10,6,9,12,2,4
1,3,11,8,5,7,10,6,9,12,4,2
1,3,11,8,5,7,10,6,9,2,12,4
1,3,11,8,5,7,10,6,9,2,4,12
1,3,11,8,5,7,10,6,9,4,12,2
1,3,11,8,5,7,10,6,9,4,2,12
1,3,11,8,5,7,10,9,6,12,2,4
1,3,11,8,5,7,10,9,6,12,4,2
1,3,11,8,5,7,10,9,6,2,12,4
1,3,11,8,5,7,10,9,6,2,4,12
1,3,11,8,5,7,10,9,6,4,12,2
1,3,11,8,5,7,10,9,6,4,2,12
1,3,11,8,5,9,6,7,10,12,2,4
1,3,11,8,5,9,6,7,10,12,4,2
1,3,11,8,5,9,6,7,10,2,12,4
1,3,11,8,5,9,6,7,10,2,4,12
1,3,11,8,5,9,6,7,10,4,12,2
1,3,11,8,5,9,6,7,10,4,2,12
1,3,11,8,5,9,6,10,7,12,2,4
1,3,11,8,5,9,6,10,7,12,4,2
1,3,11,8,5,9,6,10,7,2,12,4
1,3,11,8,5,9,6,10,7,2,4,12
1,3,11,8,5,9,6,10,7,4,12,2
1,3,11,8,5,9,6,10,7,4,2,12
1,3,11,8,5,9,7,6,10,12,2,4
1,3,11,8,5,9,7,6,10,12,4,2
1,3,11,8,5,9,7,6,10,2,12,4
1,3,11,8,5,9,7,6,10,2,4,12
1,3,11,8,5,9,7,6,10,4,12,2
1,3,11,8,5,9,7,6,10,4,2,12
1,3,11,8,5,9,7,10,6,12,2,4
1,3,11,8,5,9,7,10,6,12,4,2
1,3,11,8,5,9,7,10,6,2,12,4
1,3,11,8,5,9,7,10,6,2,4,12
1,3,11,8,5,9,7,10,6,4,12,2
1,3,11,8,5,9,7,10,6,4,2,12
1,3,11,8,5,9,10,6,7,12,2,4
1,3,11,8,5,9,10,6,7,12,4,2
1,3,11,8,5,9,10,6,7,2,12,4
1,3,11,8,5,9,10,6,7,2,4,12
1,3,11,8,5,9,10,6,7,4,12,2
1,3,11,8,5,9,10,6,7,4,2,12
1,3,11,8,5,9,10,7,6,12,2,4
1,3,11,8,5,9,10,7,6,12,4,2
1,3,11,8,5,9,10,7,6,2,12,4
1,3,11,8,5,9,10,7,6,2,4,12
1,3,11,8,5,9,10,7,6,4,12,2
1,3,11,8,5,9,10,7,6,4,2,12
1,3,11,8,5,10,6,7,9,12,2,4
1,3,11,8,5,10,6,7,9,12,4,2
1,3,11,8,5,10,6,7,9,2,12,4
1,3,11,8,5,10,6,7,9,2,4,12
1,3,11,8,5,10,6,7,9,4,12,2
1,3,11,8,5,10,6,7,9,4,2,12
1,3,11,8,5,10,6,9,7,12,2,4
1,3,11,8,5,10,6,9,7,12,4,2
1,3,11,8,5,10,6,9,7,2,12,4
1,3,11,8,5,10,6,9,7,2,4,12
1,3,11,8,5,10,6,9,7,4,12,2
1,3,11,8,5,10,6,9,7,4,2,12
1,3,11,8,5,10,7,6,9,12,2,4
1,3,11,8,5,10,7,6,9,12,4,2
1,3,11,8,5,10,7,6,9,2,12,4
1,3,11,8,5,10,7,6,9,2,4,12
1,3,11,8,5,10,7,6,9,4,12,2
1,3,11,8,5,10,7,6,9,4,2,12
1,3,11,8,5,10,7,9,6,12,2,4
1,3,11,8,5,10,7,9,6,12,4,2
1,3,11,8,5,10,7,9,6,2,12,4
1,3,11,8,5,10,7,9,6,2,4,12
1,3,11,8,5,10,7,9,6,4,12,2
1,3,11,8,5,10,7,9,6,4,2,12
1,3,11,8,5,10,9,6,7,12,2,4
1,3,11,8,5,10,9,6,7,12,4,2
1,3,11,8,5,10,9,6,7,2,12,4
1,3,11,8,5,10,9,6,7,2,4,12
1,3,11,8,5,10,9,6,7,4,12,2
1,3,11,8,5,10,9,6,7,4,2,12
1,3,11,8,5,10,9,7,6,12,2,4
1,3,11,8,5,10,9,7,6,12,4,2
1,3,11,8,5,10,9,7,6,2,12,4
1,3,11,8,5,10,9,7,6,2,4,12
1,3,11,8,5,10,9,7,6,4,12,2
1,3,11,8,5,10,9,7,6,4,2,12
1,3,5,11,8,6,7,9,10,12,2,4
1,3,5,11,8,6,7,9,10,12,4,2
1,3,5,11,8,6,7,9,10,2,12,4
1,3,5,11,8,6,7,9,10,2,4,12
1,3,5,11,8,6,7,9,10,4,12,2
1,3,5,11,8,6,7,9,10,4,2,12
1,3,5,11,8,6,7,10,9,12,2,4
1,3,5,11,8,6,7,10,9,12,4,2
1,3,5,11,8,6,7,10,9,2,12,4
1,3,5,11,8,6,7,10,9,2,4,12
1,3,5,11,8,6,7,10,9,4,12,2
1,3,5,11,8,6,7,10,9,4,2,12
1,3,5,11,8,6,9,7,10,12,2,4
1,3,5,11,8,6,9,7,10,12,4,2
1,3,5,11,8,6,9,7,10,2,12,4
1,3,5,11,8,6,9,7,10,2,4,12
1,3,5,11,8,6,9,7,10,4,12,2
1,3,5,11,8,6,9,7,10,4,2,12
1,3,5,11,8,6,9,10,7,12,2,4
1,3,5,11,8,6,9,10,7,12,4,2
1,3,5,11,8,6,9,10,7,2,12,4
1,3,5,11,8,6,9,10,7,2,4,12
1,3,5,11,8,6,9,10,7,4,12,2
1,3,5,11,8,6,9,10,7,4,2,12
1,3,5,11,8,6,10,7,9,12,2,4
1,3,5,11,8,6,10,7,9,12,4,2
1,3,5,11,8,6,10,7,9,2,12,4
1,3,5,11,8,6,10,7,9,2,4,12
1,3,5,11,8,6,10,7,9,4,12,2
1,3,5,11,8,6,10,7,9,4,2,12
1,3,5,11,8,6,10,9,7,12,2,4
1,3,5,11,8,6,10,9,7,12,4,2
1,3,5,11,8,6,10,9,7,2,12,4
1,3,5,11,8,6,10,9,7,2,4,12
1,3,5,11,8,6,10,9,7,4,12,2
1,3,5,11,8,6,10,9,7,4,2,12
1,3,5,11,8,7,6,9,10,12,2,4
1,3,5,11,8,7,6,9,10,12,4,2
1,3,5,11,8,7,6,9,10,2,12,4
1,3,5,11,8,7,6,9,10,2,4,12
1,3,5,11,8,7,6,9,10,4,12,2
1,3,5,11,8,7,6,9,10,4,2,12
1,3,5,11,8,7,6,10,9,12,2,4
1,3,5,11,8,7,6,10,9,12,4,2
1,3,5,11,8,7,6,10,9,2,12,4
1,3,5,11,8,7,6,10,9,2,4,12
1,3,5,11,8,7,6,10,9,4,12,2
1,3,5,11,8,7,6,10,9,4,2,12
1,3,5,11,8,7,9,6,10,12,2,4
1,3,5,11,8,7,9,6,10,12,4,2
1,3,5,11,8,7,9,6,10,2,12,4
1,3,5,11,8,7,9,6,10,2,4,12
1,3,5,11,8,7,9,6,10,4,12,2
1,3,5,11,8,7,9,6,10,4,2,12
1,3,5,11,8,7,9,10,6,12,2,4
1,3,5,11,8,7,9,10,6,12,4,2
1,3,5,11,8,7,9,10,6,2,12,4
1,3,5,11,8,7,9,10,6,2,4,12
1,3,5,11,8,7,9,10,6,4,12,2
1,3,5,11,8,7,9,10,6,4,2,12
1,3,5,11,8,7,10,6,9,12,2,4
1,3,5,11,8,7,10,6,9,12,4,2
1,3,5,11,8,7,10,6,9,2,12,4
1,3,5,11,8,7,10,6,9,2,4,12
1,3,5,11,8,7,10,6,9,4,12,2
1,3,5,11,8,7,10,6,9,4,2,12
1,3,5,11,8,7,10,9,6,12,2,4
1,3,5,11,8,7,10,9,6,12,4,2
1,3,5,11,8,7,10,9,6,2,12,4
1,3,5,11,8,7,10,9,6,2,4,12
1,3,5,11,8,7,10,9,6,4,12,2
1,3,5,11,8,7,10,9,6,4,2,12
1,3,5,11,8,9,6,7,10,12,2,4
1,3,5,11,8,9,6,7,10,12,4,2
1,3,5,11,8,9,6,7,10,2,12,4
1,3,5,11,8,9,6,7,10,2,4,12
1,3,5,11,8,9,6,7,10,4,12,2
1,3,5,11,8,9,6,7,10,4,2,12
1,3,5,11,8,9,6,10,7,12,2,4
1,3,5,11,8,9,6,10,7,12,4,2
1,3,5,11,8,9,6,10,7,2,12,4
1,3,5,11,8,9,6,10,7,2,4,12
1,3,5,11,8,9,6,10,7,4,12,2
1,3,5,11,8,9,6,10,7,4,2,12
1,3,5,11,8,9,7,6,10,12,2,4
1,3,5,11,8,9,7,6,10,12,4,2
1,3,5,11,8,9,7,6,10,2,12,4
1,3,5,11,8,9,7,6,10,2,4,12
1,3,5,11,8,9,7,6,10,4,12,2
1,3,5,11,8,9,7,6,10,4,2,12
1,3,5,11,8,9,7,10,6,12,2,4
1,3,5,11,8,9,7,10,6,12,4,2
1,3,5,11,8,9,7,10,6,2,12,4
1,3,5,11,8,9,7,10,6,2,4,12
1,3,5,11,8,9,7,10,6,4,12,2
1,3,5,11,8,9,7,10,6,4,2,12
1,3,5,11,8,9,10,6,7,12,2,4
1,3,5,11,8,9,10,6,7,12,4,2
1,3,5,11,8,9,10,6,7,2,12,4
1,3,5,11,8,9,10,6,7,2,4,12
1,3,5,11,8,9,10,6,7,4,12,2
1,3,5,11,8,9,10,6,7,4,2,12
1,3,5,11,8,9,10,7,6,12,2,4
1,3,5,11,8,9,10,7,6,12,4,2
1,3,5,11,8,9,10,7,6,2,12,4
1,3,5,11,8,9,10,7,6,2,4,12
1,3,5,11,8,9,10,7,6,4,12,2
1,3,5,11,8,9,10,7,6,4,2,12
1,3,5,11,8,10,6,7,9,12,2,4
1,3,5,11,8,10,6,7,9,12,4,2
1,3,5,11,8,10,6,7,9,2,12,4
1,3,5,11,8,10,6,7,9,2,4,12
1,3,5,11,8,10,6,7,9,4,12,2
1,3,5,11,8,10,6,7,9,4,2,12
1,3,5,11,8,10,6,9,7,12,2,4
1,3,5,11,8,10,6,9,7,12,4,2
1,3,5,11,8,10,6,9,7,2,12,4
1,3,5,11,8,10,6,9,7,2,4,12
1,3,5,11,8,10,6,9,7,4,12,2
1,3,5,11,8,10,6,9,7,4,2,12
1,3,5,11,8,10,7,6,9,12,2,4
1,3,5,11,8,10,7,6,9,12,4,2
1,3,5,11,8,10,7,6,9,2,12,4
1,3,5,11,8,10,7,6,9,2,4,12
1,3,5,11,8,10,7,6,9,4,12,2
1,3,5,11,8,10,7,6,9,4,2,12
1,3,5,11,8,10,7,9,6,12,2,4
1,3,5,11,8,10,7,9,6,12,4,2
1,3,5,11,8,10,7,9,6,2,12,4
1,3,5,11,8,10,7,9,6,2,4,12
1,3,5,11,8,10,7,9,6,4,12,2
1,3,5,11,8,10,7,9,6,4,2,12
1,3,5,11,8,10,9,6,7,12,2,4
1,3,5,11,8,10,9,6,7,12,4,2
1,3,5,11,8,10,9,6,7,2,12,4
1,3,5,11,8,10,9,6,7,2,4,12
1,3,5,11,8,10,9,6,7,4,12,2
1,3,5,11,8,10,9,6,7,4,2,12
1,3,5,11,8,10,9,7,6,12,2,4
1,3,5,11,8,10,9,7,6,12,4,2
1,3,5,11,8,10,9,7,6,2,12,4
1,3,5,11,8,10,9,7,6,2,4,12
1,3,5,11,8,10,9,7,6,4,12,2
1,3,5,11,8,10,9,7,6,4,2,12
1,3,5,8,11,6,7,9,10,12,2,4
1,3,5,8,11,6,7,9,10,12,4,2
1,3,5,8,11,6,7,9,10,2,12,4
1,3,5,8,11,6,7,9,10,2,4,12
1,3,5,8,11,6,7,9,10,4,12,2
1,3,5,8,11,6,7,9,10,4,2,12
1,3,5,8,11,6,7,10,9,12,2,4
1,3,5,8,11,6,7,10,9,12,4,2
1,3,5,8,11,6,7,10,9,2,12,4
1,3,5,8,11,6,7,10,9,2,4,12
1,3,5,8,11,6,7,10,9,4,12,2
1,3,5,8,11,6,7,10,9,4,2,12
1,3,5,8,11,6,9,7,10,12,2,4
1,3,5,8,11,6,9,7,10,12,4,2
1,3,5,8,11,6,9,7,10,2,12,4
1,3,5,8,11,6,9,7,10,2,4,12
1,3,5,8,11,6,9,7,10,4,12,2
1,3,5,8,11,6,9,7,10,4,2,12
1,3,5,8,11,6,9,10,7,12,2,4
1,3,5,8,11,6,9,10,7,12,4,2
1,3,5,8,11,6,9,10,7,2,12,4
1,3,5,8,11,6,9,10,7,2,4,12
1,3,5,8,11,6,9,10,7,4,12,2
1,3,5,8,11,6,9,10,7,4,2,12
1,3,5,8,11,6,10,7,9,12,2,4
1,3,5,8,11,6,10,7,9,12,4,2
1,3,5,8,11,6,10,7,9,2,12,4
1,3,5,8,11,6,10,7,9,2,4,12
1,3,5,8,11,6,10,7,9,4,12,2
1,3,5,8,11,6,10,7,9,4,2,12
1,3,5,8,11,6,10,9,7,12,2,4
1,3,5,8,11,6,10,9,7,12,4,2
1,3,5,8,11,6,10,9,7,2,12,4
1,3,5,8,11,6,10,9,7,2,4,12
1,3,5,8,11,6,10,9,7,4,12,2
1,3,5,8,11,6,10,9,7,4,2,12
1,3,5,8,11,7,6,9,10,12,2,4
1,3,5,8,11,7,6,9,10,12,4,2
1,3,5,8,11,7,6,9,10,2,12,4
1,3,5,8,11,7,6,9,10,2,4,12
1,3,5,8,11,7,6,9,10,4,12,2
1,3,5,8,11,7,6,9,10,4,2,12
1,3,5,8,11,7,6,10,9,12,2,4
1,3,5,8,11,7,6,10,9,12,4,2
1,3,5,8,11,7,6,10,9,2,12,4
1,3,5,8,11,7,6,10,9,2,4,12
1,3,5,8,11,7,6,10,9,4,12,2
1,3,5,8,11,7,6,10,9,4,2,12
1,3,5,8,11,7,9,6,10,12,2,4
1,3,5,8,11,7,9,6,10,12,4,2
1,3,5,8,11,7,9,6,10,2,12,4
1,3,5,8,11,7,9,6,10,2,4,12
1,3,5,8,11,7,9,6,10,4,12,2
1,3,5,8,11,7,9,6,10,4,2,12
1,3,5,8,11,7,9,10,6,12,2,4
1,3,5,8,11,7,9,10,6,12,4,2
1,3,5,8,11,7,9,10,6,2,12,4
1,3,5,8,11,7,9,10,6,2,4,12
1,3,5,8,11,7,9,10,6,4,12,2
1,3,5,8,11,7,9,10,6,4,2,12
1,3,5,8,11,7,10,6,9,12,2,4
1,3,5,8,11,7,10,6,9,12,4,2
1,3,5,8,11,7,10,6,9,2,12,4
1,3,5,8,11,7,10,6,9,2,4,12
1,3,5,8,11,7,10,6,9,4,12,2
1,3,5,8,11,7,10,6,9,4,2,12
1,3,5,8,11,7,10,9,6,12,2,4
1,3,5,8,11,7,10,9,6,12,4,2
1,3,5,8,11,7,10,9,6,2,12,4
1,3,5,8,11,7,10,9,6,2,4,12
1,3,5,8,11,7,10,9,6,4,12,2
1,3,5,8,11,7,10,9,6,4,2,12
1,3,5,8,11,9,6,7,10,12,2,4
1,3,5,8,11,9,6,7,10,12,4,2
1,3,5,8,11,9,6,7,10,2,12,4
1,3,5,8,11,9,6,7,10,2,4,12
1,3,5,8,11,9,6,7,10,4,12,2
1,3,5,8,11,9,6,7,10,4,2,12
1,3,5,8,11,9,6,10,7,12,2,4
1,3,5,8,11,9,6,10,7,12,4,2
1,3,5,8,11,9,6,10,7,2,12,4
1,3,5,8,11,9,6,10,7,2,4,12
1,3,5,8,11,9,6,10,7,4,12,2
1,3,5,8,11,9,6,10,7,4,2,12
1,3,5,8,11,9,7,6,10,12,2,4
1,3,5,8,11,9,7,6,10,12,4,2
1,3,5,8,11,9,7,6,10,2,12,4
1,3,5,8,11,9,7,6,10,2,4,12
1,3,5,8,11,9,7,6,10,4,12,2
1,3,5,8,11,9,7,6,10,4,2,12
1,3,5,8,11,9,7,10,6,12,2,4
1,3,5,8,11,9,7,10,6,12,4,2
1,3,5,8,11,9,7,10,6,2,12,4
1,3,5,8,11,9,7,10,6,2,4,12
1,3,5,8,11,9,7,10,6,4,12,2
1,3,5,8,11,9,7,10,6,4,2,12
1,3,5,8,11,9,10,6,7,12,2,4
1,3,5,8,11,9,10,6,7,12,4,2
1,3,5,8,11,9,10,6,7,2,12,4
1,3,5,8,11,9,10,6,7,2,4,12
1,3,5,8,11,9,10,6,7,4,12,2
1,3,5,8,11,9,10,6,7,4,2,12
1,3,5,8,11,9,10,7,6,12,2,4
1,3,5,8,11,9,10,7,6,12,4,2
1,3,5,8,11,9,10,7,6,2,12,4
1,3,5,8,11,9,10,7,6,2,4,12
1,3,5,8,11,9,10,7,6,4,12,2
1,3,5,8,11,9,10,7,6,4,2,12
1,3,5,8,11,10,6,7,9,12,2,4
1,3,5,8,11,10,6,7,9,12,4,2
1,3,5,8,11,10,6,7,9,2,12,4
1,3,5,8,11,10,6,7,9,2,4,12
1,3,5,8,11,10,6,7,9,4,12,2
1,3,5,8,11,10,6,7,9,4,2,12
1,3,5,8,11,10,6,9,7,12,2,4
1,3,5,8,11,10,6,9,7,12,4,2
1,3,5,8,11,10,6,9,7,2,12,4
1,3,5,8,11,10,6,9,7,2,4,12
1,3,5,8,11,10,6,9,7,4,12,2
1,3,5,8,11,10,6,9,7,4,2,12
1,3,5,8,11,10,7,6,9,12,2,4
1,3,5,8,11,10,7,6,9,12,4,2
1,3,5,8,11,10,7,6,9,2,12,4
1,3,5,8,11,10,7,6,9,2,4,12
1,3,5,8,11,10,7,6,9,4,12,2
1,3,5,8,11,10,7,6,9,4,2,12
1,3,5,8,11,10,7,9,6,12,2,4
1,3,5,8,11,10,7,9,6,12,4,2
1,3,5,8,11,10,7,9,6,2,12,4
1,3,5,8,11,10,7,9,6,2,4,12
1,3,5,8,11,10,7,9,6,4,12,2
1,3,5,8,11,10,7,9,6,4,2,12
1,3,5,8,11,10,9,6,7,12,2,4
1,3,5,8,11,10,9,6,7,12,4,2
1,3,5,8,11,10,9,6,7,2,12,4
1,3,5,8,11,10,9,6,7,2,4,12
1,3,5,8,11,10,9,6,7,4,12,2
1,3,5,8,11,10,9,6,7,4,2,12
1,3,5,8,11,10,9,7,6,12,2,4
1,3,5,8,11,10,9,7,6,12,4,2
1,3,5,8,11,10,9,7,6,2,12,4
1,3,5,8,11,10,9,7,6,2,4,12
1,3,5,8,11,10,9,7,6,4,12,2
1,3,5,8,11,10,9,7,6,4,2,12
1,3,8,11,5,6,7,9,10,12,2,4
1,3,8,11,5,6,7,9,10,12,4,2
1,3,8,11,5,6,7,9,10,2,12,4
1,3,8,11,5,6,7,9,10,2,4,12
1,3,8,11,5,6,7,9,10,4,12,2
1,3,8,11,5,6,7,9,10,4,2,12
1,3,8,11,5,6,7,10,9,12,2,4
1,3,8,11,5,6,7,10,9,12,4,2
1,3,8,11,5,6,7,10,9,2,12,4
1,3,8,11,5,6,7,10,9,2,4,12
1,3,8,11,5,6,7,10,9,4,12,2
1,3,8,11,5,6,7,10,9,4,2,12
1,3,8,11,5,6,9,7,10,12,2,4
1,3,8,11,5,6,9,7,10,12,4,2
1,3,8,11,5,6,9,7,10,2,12,4
1,3,8,11,5,6,9,7,10,2,4,12
1,3,8,11,5,6,9,7,10,4,12,2
1,3,8,11,5,6,9,7,10,4,2,12
1,3,8,11,5,6,9,10,7,12,2,4
1,3,8,11,5,6,9,10,7,12,4,2
1,3,8,11,5,6,9,10,7,2,12,4
1,3,8,11,5,6,9,10,7,2,4,12
1,3,8,11,5,6,9,10,7,4,12,2
1,3,8,11,5,6,9,10,7,4,2,12
1,3,8,11,5,6,10,7,9,12,2,4
1,3,8,11,5,6,10,7,9,12,4,2
1,3,8,11,5,6,10,7,9,2,12,4
1,3,8,11,5,6,10,7,9,2,4,12
1,3,8,11,5,6,10,7,9,4,12,2
1,3,8,11,5,6,10,7,9,4,2,12
1,3,8,11,5,6,10,9,7,12,2,4
1,3,8,11,5,6,10,9,7,12,4,2
1,3,8,11,5,6,10,9,7,2,12,4
1,3,8,11,5,6,10,9,7,2,4,12
1,3,8,11,5,6,10,9,7,4,12,2
1,3,8,11,5,6,10,9,7,4,2,12
1,3,8,11,5,7,6,9,10,12,2,4
1,3,8,11,5,7,6,9,10,12,4,2
1,3,8,11,5,7,6,9,10,2,12,4
1,3,8,11,5,7,6,9,10,2,4,12
1,3,8,11,5,7,6,9,10,4,12,2
1,3,8,11,5,7,6,9,10,4,2,12
1,3,8,11,5,7,6,10,9,12,2,4
1,3,8,11,5,7,6,10,9,12,4,2
1,3,8,11,5,7,6,10,9,2,12,4
1,3,8,11,5,7,6,10,9,2,4,12
1,3,8,11,5,7,6,10,9,4,12,2
1,3,8,11,5,7,6,10,9,4,2,12
1,3,8,11,5,7,9,6,10,12,2,4
1,3,8,11,5,7,9,6,10,12,4,2
1,3,8,11,5,7,9,6,10,2,12,4
1,3,8,11,5,7,9,6,10,2,4,12
1,3,8,11,5,7,9,6,10,4,12,2
1,3,8,11,5,7,9,6,10,4,2,12
1,3,8,11,5,7,9,10,6,12,2,4
1,3,8,11,5,7,9,10,6,12,4,2
1,3,8,11,5,7,9,10,6,2,12,4
1,3,8,11,5,7,9,10,6,2,4,12
1,3,8,11,5,7,9,10,6,4,12,2
1,3,8,11,5,7,9,10,6,4,2,12
1,3,8,11,5,7,10,6,9,12,2,4
1,3,8,11,5,7,10,6,9,12,4,2
1,3,8,11,5,7,10,6,9,2,12,4
1,3,8,11,5,7,10,6,9,2,4,12
1,3,8,11,5,7,10,6,9,4,12,2
1,3,8,11,5,7,10,6,9,4,2,12
1,3,8,11,5,7,10,9,6,12,2,4
1,3,8,11,5,7,10,9,6,12,4,2
1,3,8,11,5,7,10,9,6,2,12,4
1,3,8,11,5,7,10,9,6,2,4,12
1,3,8,11,5,7,10,9,6,4,12,2
1,3,8,11,5,7,10,9,6,4,2,12
1,3,8,11,5,9,6,7,10,12,2,4
1,3,8,11,5,9,6,7,10,12,4,2
1,3,8,11,5,9,6,7,10,2,12,4
1,3,8,11,5,9,6,7,10,2,4,12
1,3,8,11,5,9,6,7,10,4,12,2
1,3,8,11,5,9,6,7,10,4,2,12
1,3,8,11,5,9,6,10,7,12,2,4
1,3,8,11,5,9,6,10,7,12,4,2
1,3,8,11,5,9,6,10,7,2,12,4
1,3,8,11,5,9,6,10,7,2,4,12
1,3,8,11,5,9,6,10,7,4,12,2
1,3,8,11,5,9,6,10,7,4,2,12
1,3,8,11,5,9,7,6,10,12,2,4
1,3,8,11,5,9,7,6,10,12,4,2
1,3,8,11,5,9,7,6,10,2,12,4
1,3,8,11,5,9,7,6,10,2,4,12
1,3,8,11,5,9,7,6,10,4,12,2
1,3,8,11,5,9,7,6,10,4,2,12
1,3,8,11,5,9,7,10,6,12,2,4
1,3,8,11,5,9,7,10,6,12,4,2
1,3,8,11,5,9,7,10,6,2,12,4
1,3,8,11,5,9,7,10,6,2,4,12
1,3,8,11,5,9,7,10,6,4,12,2
1,3,8,11,5,9,7,10,6,4,2,12
1,3,8,11,5,9,10,6,7,12,2,4
1,3,8,11,5,9,10,6,7,12,4,2
1,3,8,11,5,9,10,6,7,2,12,4
1,3,8,11,5,9,10,6,7,2,4,12
1,3,8,11,5,9,10,6,7,4,12,2
1,3,8,11,5,9,10,6,7,4,2,12
1,3,8,11,5,9,10,7,6,12,2,4
1,3,8,11,5,9,10,7,6,12,4,2
1,3,8,11,5,9,10,7,6,2,12,4
1,3,8,11,5,9,10,7,6,2,4,12
1,3,8,11,5,9,10,7,6,4,12,2
1,3,8,11,5,9,10,7,6,4,2,12
1,3,8,11,5,10,6,7,9,12,2,4
1,3,8,11,5,10,6,7,9,12,4,2
1,3,8,11,5,10,6,7,9,2,12,4
1,3,8,11,5,10,6,7,9,2,4,12
1,3,8,11,5,10,6,7,9,4,12,2
1,3,8,11,5,10,6,7,9,4,2,12
1,3,8,11,5,10,6,9,7,12,2,4
1,3,8,11,5,10,6,9,7,12,4,2
1,3,8,11,5,10,6,9,7,2,12,4
1,3,8,11,5,10,6,9,7,2,4,12
1,3,8,11,5,10,6,9,7,4,12,2
1,3,8,11,5,10,6,9,7,4,2,12
1,3,8,11,5,10,7,6,9,12,2,4
1,3,8,11,5,10,7,6,9,12,4,2
1,3,8,11,5,10,7,6,9,2,12,4
1,3,8,11,5,10,7,6,9,2,4,12
1,3,8,11,5,10,7,6,9,4,12,2
1,3,8,11,5,10,7,6,9,4,2,12
1,3,8,11,5,10,7,9,6,12,2,4
1,3,8,11,5,10,7,9,6,12,4,2
1,3,8,11,5,10,7,9,6,2,12,4
1,3,8,11,5,10,7,9,6,2,4,12
1,3,8,11,5,10,7,9,6,4,12,2
1,3,8,11,5,10,7,9,6,4,2,12
1,3,8,11,5,10,9,6,7,12,2,4
1,3,8,11,5,10,9,6,7,12,4,2
1,3,8,11,5,10,9,6,7,2,12,4
1,3,8,11,5,10,9,6,7,2,4,12
1,3,8,11,5,10,9,6,7,4,12,2
1,3,8,11,5,10,9,6,7,4,2,12
1,3,8,11,5,10,9,7,6,12,2,4
1,3,8,11,5,10,9,7,6,12,4,2
1,3,8,11,5,10,9,7,6,2,12,4
1,3,8,11,5,10,9,7,6,2,4,12
1,3,8,11,5,10,9,7,6,4,12,2
1,3,8,11,5,10,9,7,6,4,2,12
1,3,8,5,11,6,7,9,10,12,2,4
1,3,8,5,11,6,7,9,10,12,4,2
1,3,8,5,11,6,7,9,10,2,12,4
1,3,8,5,11,6,7,9,10,2,4,12
1,3,8,5,11,6,7,9,10,4,12,2
1,3,8,5,11,6,7,9,10,4,2,12
1,3,8,5,11,6,7,10,9,12,2,4
1,3,8,5,11,6,7,10,9,12,4,2
1,3,8,5,11,6,7,10,9,2,12,4
1,3,8,5,11,6,7,10,9,2,4,12
1,3,8,5,11,6,7,10,9,4,12,2
1,3,8,5,11,6,7,10,9,4,2,12
1,3,8,5,11,6,9,7,10,12,2,4
1,3,8,5,11,6,9,7,10,12,4,2
1,3,8,5,11,6,9,7,10,2,12,4
1,3,8,5,11,6,9,7,10,2,4,12
1,3,8,5,11,6,9,7,10,4,12,2
1,3,8,5,11,6,9,7,10,4,2,12
1,3,8,5,11,6,9,10,7,12,2,4
1,3,8,5,11,6,9,10,7,12,4,2
1,3,8,5,11,6,9,10,7,2,12,4
1,3,8,5,11,6,9,10,7,2,4,12
1,3,8,5,11,6,9,10,7,4,12,2
1,3,8,5,11,6,9,10,7,4,2,12
1,3,8,5,11,6,10,7,9,12,2,4
1,3,8,5,11,6,10,7,9,12,4,2
1,3,8,5,11,6,10,7,9,2,12,4
1,3,8,5,11,6,10,7,9,2,4,12
1,3,8,5,11,6,10,7,9,4,12,2
1,3,8,5,11,6,10,7,9,4,2,12
1,3,8,5,11,6,10,9,7,12,2,4
1,3,8,5,11,6,10,9,7,12,4,2
1,3,8,5,11,6,10,9,7,2,12,4
1,3,8,5,11,6,10,9,7,2,4,12
1,3,8,5,11,6,10,9,7,4,12,2
1,3,8,5,11,6,10,9,7,4,2,12
1,3,8,5,11,7,6,9,10,12,2,4
1,3,8,5,11,7,6,9,10,12,4,2
1,3,8,5,11,7,6,9,10,2,12,4
1,3,8,5,11,7,6,9,10,2,4,12
1,3,8,5,11,7,6,9,10,4,12,2
1,3,8,5,11,7,6,9,10,4,2,12
1,3,8,5,11,7,6,10,9,12,2,4
1,3,8,5,11,7,6,10,9,12,4,2
1,3,8,5,11,7,6,10,9,2,12,4
1,3,8,5,11,7,6,10,9,2,4,12
1,3,8,5,11,7,6,10,9,4,12,2
1,3,8,5,11,7,6,10,9,4,2,12
1,3,8,5,11,7,9,6,10,12,2,4
1,3,8,5,11,7,9,6,10,12,4,2
1,3,8,5,11,7,9,6,10,2,12,4
1,3,8,5,11,7,9,6,10,2,4,12
1,3,8,5,11,7,9,6,10,4,12,2
1,3,8,5,11,7,9,6,10,4,2,12
1,3,8,5,11,7,9,10,6,12,2,4
1,3,8,5,11,7,9,10,6,12,4,2
1,3,8,5,11,7,9,10,6,2,12,4
1,3,8,5,11,7,9,10,6,2,4,12
1,3,8,5,11,7,9,10,6,4,12,2
1,3,8,5,11,7,9,10,6,4,2,12
1,3,8,5,11,7,10,6,9,12,2,4
1,3,8,5,11,7,10,6,9,12,4,2
1,3,8,5,11,7,10,6,9,2,12,4
1,3,8,5,11,7,10,6,9,2,4,12
1,3,8,5,11,7,10,6,9,4,12,2
1,3,8,5,11,7,10,6,9,4,2,12
1,3,8,5,11,7,10,9,6,12,2,4
1,3,8,5,11,7,10,9,6,12,4,2
1,3,8,5,11,7,10,9,6,2,12,4
1,3,8,5,11,7,10,9,6,2,4,12
1,3,8,5,11,7,10,9,6,4,12,2
1,3,8,5,11,7,10,9,6,4,2,12
1,3,8,5,11,9,6,7,10,12,2,4
1,3,8,5,11,9,6,7,10,12,4,2
1,3,8,5,11,9,6,7,10,2,12,4
1,3,8,5,11,9,6,7,10,2,4,12
1,3,8,5,11,9,6,7,10,4,12,2
1,3,8,5,11,9,6,7,10,4,2,12
1,3,8,5,11,9,6,10,7,12,2,4
1,3,8,5,11,9,6,10,7,12,4,2
1,3,8,5,11,9,6,10,7,2,12,4
1,3,8,5,11,9,6,10,7,2,4,12
1,3,8,5,11,9,6,10,7,4,12,2
1,3,8,5,11,9,6,10,7,4,2,12
1,3,8,5,11,9,7,6,10,12,2,4
1,3,8,5,11,9,7,6,10,12,4,2
1,3,8,5,11,9,7,6,10,2,12,4
1,3,8,5,11,9,7,6,10,2,4,12
1,3,8,5,11,9,7,6,10,4,12,2
1,3,8,5,11,9,7,6,10,4,2,12
1,3,8,5,11,9,7,10,6,12,2,4
1,3,8,5,11,9,7,10,6,12,4,2
1,3,8,5,11,9,7,10,6,2,12,4
1,3,8,5,11,9,7,10,6,2,4,12
1,3,8,5,11,9,7,10,6,4,12,2
1,3,8,5,11,9,7,10,6,4,2,12
1,3,8,5,11,9,10,6,7,12,2,4
1,3,8,5,11,9,10,6,7,12,4,2
1,3,8,5,11,9,10,6,7,2,12,4
1,3,8,5,11,9,10,6,7,2,4,12
1,3,8,5,11,9,10,6,7,4,12,2
1,3,8,5,11,9,10,6,7,4,2,12
1,3,8,5,11,9,10,7,6,12,2,4
1,3,8,5,11,9,10,7,6,12,4,2
1,3,8,5,11,9,10,7,6,2,12,4
1,3,8,5,11,9,10,7,6,2,4,12
1,3,8,5,11,9,10,7,6,4,12,2
1,3,8,5,11,9,10,7,6,4,2,12
1,3,8,5,11,10,6,7,9,12,2,4
1,3,8,5,11,10,6,7,9,12,4,2
1,3,8,5,11,10,6,7,9,2,12,4
1,3,8,5,11,10,6,7,9,2,4,12
1,3,8,5,11,10,6,7,9,4,12,2
1,3,8,5,11,10,6,7,9,4,2,12
1,3,8,5,11,10,6,9,7,12,2,4
1,3,8,5,11,10,6,9,7,12,4,2
1,3,8,5,11,10,6,9,7,2,12,4
1,3,8,5,11,10,6,9,7,2,4,12
1,3,8,5,11,10,6,9,7,4,12,2
1,3,8,5,11,10,6,9,7,4,2,12
1,3,8,5,11,10,7,6,9,12,2,4
1,3,8,5,11,10,7,6,9,12,4,2
1,3,8,5,11,10,7,6,9,2,12,4
1,3,8,5,11,10,7,6,9,2,4,12
1,3,8,5,11,10,7,6,9,4,12,2
1,3,8,5,11,10,7,6,9,4,2,12
1,3,8,5,11,10,7,9,6,12,2,4
1,3,8,5,11,10,7,9,6,12,4,2
1,3,8,5,11,10,7,9,6,2,12,4
1,3,8,5,11,10,7,9,6,2,4,12
1,3,8,5,11,10,7,9,6,4,12,2
1,3,8,5,11,10,7,9,6,4,2,12
1,3,8,5,11,10,9,6,7,12,2,4
1,3,8,5,11,10,9,6,7,12,4,2
1,3,8,5,11,10,9,6,7,2,12,4
1,3,8,5,11,10,9,6,7,2,4,12
1,3,8,5,11,10,9,6,7,4,12,2
1,3,8,5,11,10,9,6,7,4,2,12
1,3,8,5,11,10,9,7,6,12,2,4
1,3,8,5,11,10,9,7,6,12,4,2
1,3,8,5,11,10,9,7,6,2,12,4
1,3,8,5,11,10,9,7,6,2,4,12
1,3,8,5,11,10,9,7,6,4,12,2
1,3,8,5,11,10,9,7,6,4,2,12
