len	miRNA	piRNA	Y_RNA	snRNA	snoRNA	srpRNA	tRNA	lncRNA	mRNA
16	4789.5	1509.25	3274	755.5	911.75	80.75	691.25	1535.25	5158.75
17	6779.75	1888.25	4146.5	859.25	2079.5	52.25	464.5	1053	4177.25
18	42573.5	2234.75	13894.5	1368.75	757	68	676	1808.5	6566.75
19	53060.8	1557.5	8826.75	2854.25	602.75	108	651.25	1511	4935.25
20	279794	1943	1863.75	7510.75	535.25	121.5	907.25	3876.75	4605
21	2361400	2389	1321.25	12218.2	1166.5	161.25	732.5	4864.75	7324
22	2775482	1847.25	3419	11462.8	1381.25	157	544.25	4956.75	7762.75
23	932276	3247.5	4457.75	8185.75	996.75	334.25	2498.5	2641.5	5560.25
24	289140	1954.5	2453.75	4805.75	535.5	79	321.25	1504.25	3012.75
25	22426	6392.25	1669.75	2245	501.75	64	385.5	1743.25	1877.25
26	2362.75	9375.75	25857.5	364.5	965.5	51.75	912.5	1428.5	1494
27	348.25	4051	2689.25	253	16349	62.75	393	1318.75	1390.75
28	124.75	5100	6080	231.75	567	53	414.5	2489	1212.25
29	69.5	4471.5	25282.2	240	747.25	49.25	572	3288.75	966.5
30	65.75	10701	57446.5	1494.5	190.75	38.5	213.25	1414.5	860.25
31	36.5	21671.8	1410380	59.25	129	46	925.5	951	800
32	20	6710.5	3427630	81.25	56.25	27	297.25	627	558.75
33	14	5485	21790.8	57.25	106	21	400.75	483.75	385.25
34	11.75	1063.75	1946.25	19.5	74.75	19.5	123	576	314
35	12.25	682	261	11.75	97.5	13.25	80.75	530	245.75
36	8	156.75	2256.25	16	1439	9.5	60	256.75	180.75
37	8	80.5	1588.75	8.25	194.25	5.75	33.5	179	130.25
38	4	58.5	447.25	3.25	39.5	5.25	26.5	126.25	80.25
39	3.5	68	562.75	1.75	11.75	3.5	13.25	80	62
40	6.75	51.5	543.5	0.75	10.75	1	8.75	73.5	50.5
41	6	39.5	91.75	0	3.25	1.25	5.5	49	34
42	5.75	24	10.25	0.25	3.5	0.5	2.5	39	23
43	8	10	7.25	0.25	2	0.25	0.5	31.25	17.5
44	7.5	11.25	2.25	0.25	1	0.5	0.75	31.25	14.25
45	8.25	15.75	2.75	1.5	1.5	0.75	0.25	16.75	14.75
46	4.25	12.75	16	0	0.75	1.25	0	23	27.25
47	9	25.75	39	2	3	3	0	47.25	88.75
48	2.5	0	3.5	0	0	0	0	0	0
49	42	2.5	661.25	0	0.75	0.25	0	1.25	13.75
50	7531	3114.5	90085.8	222	219.75	162.25	50.25	1990.25	3684
