len	hg38	miRNA	piRNA	Y_RNA	snRNA	srpRNA	tRNA	lncRNA	mRNA	snoRNA
16	90572.2	22104.7	2674.16	4196.22	356.438	199.891	2645.38	3144.59	6114.84	778.859
17	99778.6	30971.8	2582.08	9170.5	522.281	148.375	1057.39	5526.11	4336.61	1428.84
18	514321	237480	2699.06	39952.7	660.812	173.188	1528.8	69517.2	15162.3	662.094
19	337938	200267	3581.84	10652	1591.88	151.141	1573.05	17124.5	8169.92	420.062
20	1.23237e+06	881541	2655.55	4540.72	3602.64	191.906	2352.66	126314	21881.7	507.781
21	7.8841e+06	4853661	5238.81	10079.5	5954.3	286.375	2127.72	2765402	45068	751.625
22	5.5181e+06	4.83351e+06	10792.2	20005.9	5847.09	212.562	1915.97	255739	35500.4	1033.72
23	1.8722e+06	1.29898e+06	3529.25	31826.1	4246.19	303.469	2343.92	182993	81077.7	1445.39
24	543711	471968	4927.12	6190.23	2092.48	170.203	1464.05	2142.97	16894.4	1009.14
25	136154	60077	22175.1	7829.44	1112.02	99.4844	1449.19	1990.3	5474.73	754.672
26	190610	14103.8	59255	42970.7	195.047	87.1094	1741.5	1217.84	3028.27	1066.83
27	225746	4334.22	161370	20565	203.234	90.5938	1374.98	1332.59	2426.33	8213.64
28	142130	2319.52	42633.4	37097.3	191.938	121.391	1827.02	2190.2	2208.08	3087.8
29	170836	1008.42	17879	83443.3	178.828	103.094	3804.86	4165.23	1949.97	1864.94
30	253239	500.375	27051.4	180477	406.375	101.906	4435.02	2187.67	1852.56	1513.19
31	2.01141e+06	406.656	39432	1.90826e+06	346.812	106.703	1590.92	1040.77	1831.55	1024.11
32	1.01332e+07	341.656	45943.9	1.00079e+07	679.719	99.5156	1711.42	884.688	1755.84	619.781
33	1.24598e+06	300.688	40744	1.16575e+06	508.297	84.5781	2672.3	706.031	1493.69	1017.02
34	152940	268.062	20829.4	107408	231.844	109.828	1255.16	981.547	1368.3	1541.39
35	75961.1	379.484	18761.1	21229.2	251.688	310.141	1289.47	847.797	1313.27	1392.2
36	200785	366.359	7732.73	152625	329.938	285.484	910.734	885.312	1300.16	3718.25
37	166217	323.422	5489.88	125124	324.734	199.25	589.438	735.297	1183.89	1975.66
38	58072.6	272.281	2605.89	32058.8	192.219	79.2812	427.781	1131.28	1095.91	1589.41
39	48481.4	268.609	2358.16	28530	241.938	62.2812	481.875	810.609	1133.94	1815.97
40	56882.9	1361.86	4153.72	34655.9	145.797	48.75	708.078	1021.25	1090.66	1310.89
41	35194.3	2359.23	6440.77	9087.31	194.797	53.0781	346.391	1179.59	1108.89	1085.67
42	24498	2354.27	2578.95	2805.48	191.859	53.5625	334.516	1433.45	1057.77	893.422
43	33095	1195.47	1524.81	1600.27	129.828	49.8594	211.625	2755.97	972.141	609.125
44	62028.3	824.562	1560.5	1025.52	67.75	41.6094	187.547	2749.47	924.609	664.031
45	42212.6	1637.67	2339.08	822.094	73.3906	47.2656	152.375	861.922	995.797	799
46	26135.4	840.047	2517.53	734.312	71.8594	34.8281	111.984	811.641	1108.56	1182.53
47	64956.9	481.391	34334.9	1433.69	132.109	45.9219	117.016	1565.31	1759.2	4104.52
48	1.03125	0.1875	0.171875	0.34375	0	0	0	0.015625	0	0.109375
49	9999.36	487.906	1033.02	1451.5	29.2812	10.1562	29.3125	649.953	184.359	2799.14
50	2.26491e+06	23076.7	329386	170483	10400.5	2420.58	5748.56	163984	49409.5	768466
