sample  ibSizeN	tooShortN	cleanN	rRNA_N	keptN	hg38	miRNA	piRNA	Y_RNA	snRNA	snoRNA	srpRNA	tRNA	lncRNA	mRNA	hg38other	nonHuman_N
10515058-A	46335863	1966303	44369560	2652129	41717431	39193976	11797965	1048993	17440609	106140	1878961	10308	60203	2669322	281518	3901611	2521801
12402567-A	71090111	9751068	61339043	1189562	60149481	50443256	28308197	1030118	9398801	18388	455397	7057	99703	6858416	458498	3810642	9704264
13515292-A	48256702	3534313	44722389	363451	44358938	37746626	14541929	252845	12207298	54063	29687	8008	35441	5718846	268736	4631857	6610228
17402567-B	59259582	12353348	46906234	965861	45940373	35146222	17661548	520200	8139539	27899	123316	10318	80261	4990402	343242	3251411	10792237
249136-B	75361217	18099287	57261930	4248383	53013547	36598642	12984184	2056803	7221441	102398	5495639	7525	64272	5218574	294528	3154758	16413425
333874-A	51114668	14148250	36966418	902730	36063688	22992623	7186077	786111	11154482	12269	107792	5495	45880	1666806	207351	1821275	13070150
3497470-B	71682610	23426604	48256006	817827	47438179	30932691	15178523	377452	5185419	21793	13414	7902	61420	5411813	341405	4335199	16503839
385247-A	39262269	2750534	36511735	2183045	34328690	30590515	8153166	1467281	13798989	52956	2069957	7428	53461	1403573	288142	3297251	3736486
385247-B	58813414	6335470	52477944	2561319	49916625	41973030	15921442	1174780	13574529	72885	2368967	10256	59360	4031750	476436	4284824	7941396
423976-B	38216683	2954154	35262529	711737	34550792	23559178	6540438	645222	12931589	14524	197296	6160	49273	901245	264936	2010728	10989381
482592-A	54910321	10242480	44667841	1143309	43524532	35115207	15081677	535145	8054440	49562	813486	5772	30503	5927139	264945	4354473	8407390
486978-A	66183080	7664966	58518114	1565378	56952736	49797855	21029581	1115762	15738471	41255	1625825	6368	66573	6956787	369167	2849558	7153389
497411-B	70911180	5009906	65901274	1083994	64817280	54011618	25142058	565606	9818995	39440	64558	9298	90324	12586171	558149	5138950	10803731
497497-B	34239617	5526586	28713031	29887	28683144	25220482	11276764	128075	7340961	254876	34279	4774	27009	3686769	229265	2238924	3461448
498127-B	73816382	4102570	69713812	1333925	68379887	61330684	23023212	1353771	20751207	45314	459724	13869	86827	8070179	693443	6835557	7046784
498187-A	49992625	3462060	46530565	2067237	44463328	40565785	11294555	1957911	15100497	85933	3452335	10845	57884	3978000	418455	4213282	3893631
498187-B	66448520	6890294	59558226	3015494	56542732	48791801	19063112	1457526	10732809	68605	2851917	9287	70069	9262174	476949	4801419	7748865
498191-A	43227624	1898649	41328975	3921398	37407577	34068578	12361876	1659471	8827895	51753	1895449	18224	87423	3880798	366822	4920749	3337117
498221-A	88868931	4471522	84397409	1802074	82595335	76656005	28899630	975061	20213486	264207	660009	17862	71504	13390546	717293	11453124	5932613
498221-B	19811909	1405492	18406417	352834	18053583	13659829	5517152	131762	3648141	66342	16871	6411	23348	1581070	243811	2426055	4392620
507450-B	41141554	1592193	39549361	562130	38987231	35830154	13113775	405738	14884633	44631	73119	4659	32210	4766150	235187	2271239	3155890
507468-B	65460372	11481354	53979018	2148350	51830668	41416779	14706884	1221393	14598501	61845	1385130	9015	76338	4136433	430097	4793121	10411911
507511-B	47707556	3150645	44556911	3205578	41351333	37832317	10450192	2170300	12007659	76906	4327841	7843	88763	3882687	323179	4499343	3516620
507599-B	42097233	2648589	39448644	894499	38554145	34870734	10458928	773554	18759952	37464	259895	7978	52798	1475519	285331	2760747	3681979
507867-B	58482821	1790978	56691843	3093639	53598204	50020501	13070105	2194559	22562540	61905	4091256	8384	53974	3578549	270190	4130442	3576300
507887-B	43087789	5659005	37428784	1543698	35885086	32367328	7066847	1085917	19115756	44269	1429806	6067	39276	1051475	247483	2281840	3516350
507891-B	52634081	5368924	47265157	1132428	46132729	38705754	8252602	1227842	23987522	15224	221675	6572	49628	1737064	281691	2927178	7425731
507909-B	48063031	4386022	43677009	672935	43004074	37009776	7082585	2007596	21707323	36152	275961	9949	112826	661560	1675817	3486811	5947494
508877-B	40630502	2969453	37661049	1572537	36088512	32444928	13398157	1167045	11591337	29640	736168	10632	62867	2774667	279762	2396217	3642020
508897-B	45071142	6703342	38367800	2471382	35896418	30163115	8973910	1584912	11823158	28737	3209850	3151	41010	2618892	183817	1696487	5732494
508955-A	47055699	9016560	38039139	1019212	37019927	27332291	7778826	1397533	13840587	20192	363364	5203	48850	1441432	259027	2178386	9686527
509155-A	33183400	754469	32428931	384289	32044642	29818541	10230360	290469	10795387	128857	95683	8700	40486	3776071	245030	4208608	2224991
509442-A	58184565	8728035	49456530	629571	48826959	38636939	17963844	375520	7318729	22958	335502	5058	36416	9136756	297532	3146277	10188367
509970-A	48684820	7684909	40999911	1858891	39141020	34294926	10352568	1304126	16280639	32563	1866291	3948	38490	2281658	221885	1913576	4845276
510199-A	37434653	3271689	34162964	1085490	33077474	31261454	9711422	264526	14788381	33506	468568	3932	12650	4295877	177764	1505554	1815294
510470-A	31583736	6137693	25446043	200268	25245775	21057864	10027318	199357	4018986	25693	89713	4601	28942	4918041	159818	1586530	4186776
511030-B	63249347	19263388	43985959	470254	43515705	23217869	10416070	533095	5104611	15326	65195	5274	39706	4568859	242492	2228183	20296894
511122-A	49144450	23412944	25731506	55243	25676263	5442276	400599	295875	451072	5361	13971	17203	32499	188610	270056	3767564	20233453
511485-B	41884557	6329655	35554902	435952	35118950	31708922	10470614	360472	17211387	8448	93425	5958	31960	1181968	412230	1933449	3409039
515058-A	41910211	2380383	39529828	364285	39165543	36247891	14365961	578585	13421913	91502	334262	5122	40271	4371814	207594	2832999	2915520
515058-B	54643792	7663205	46980587	941423	46039164	39214618	15682730	1394718	14864666	20033	316466	6187	88579	3862249	259138	2721447	6822951
515292-A	46267942	935373	45332569	246375	45086194	43394726	14753748	340103	17724105	55831	43425	6620	27619	6134938	204513	4105531	1689761
515292-B	45420627	2856889	42563738	647853	41915885	39752729	12040538	2624084	18831086	41417	2747479	4073	46720	1723797	212135	1482381	2162175
5474594-B	51854346	3360748	48493598	614600	47878998	44457698	13331842	1611499	26580567	26554	447002	2122	74945	743422	256593	1384789	3419663
6474170-B	33071652	1989909	31081743	820524	30261219	28156878	7813990	824708	16963348	17491	351592	2613	42238	664936	191576	1285347	2103380
8397116-B	70064527	11122956	58941571	907717	58033854	46398426	23329267	618154	9832450	13717	134378	5438	64480	9567117	281924	2552888	11634041
BD-LOW-mix	45770202	1972795	43797407	716083	43081324	39132678	20703496	214013	5206693	11987	24395	13141	35004	9837137	314944	2773024	3947490
CXD	28275533	3005726	25269807	704481	24565326	20539595	8810811	291423	6223082	13558	101011	5719	33142	1934115	263402	2864290	4024773
LY	43716576	12763591	30952985	921878	30031107	19610385	8134151	331957	5265008	11743	159237	7037	31920	2127929	333693	3208692	10419740
Normal-1	46165491	2220421	43945070	188031	43757039	41819011	12383135	495861	26204013	6274	29547	2245	28933	1312457	295463	1062119	1936992
Normal-2	45234639	1115654	44118985	420474	43698511	42350327	12097963	839083	27647520	5998	175335	1628	34654	362699	240464	945876	1347291
Normal-3	49022478	3810290	45212188	280524	44931664	41429072	13387153	671288	23824240	6048	37259	3127	37278	1825021	314036	1324705	3501509
Normal-4	61658475	8239600	53418875	242032	53176843	46613016	15049873	626396	26039683	11883	68873	2672	42240	2657190	399922	1716017	6562094
Normal-5	43540748	1272456	42268292	555722	41712570	39719335	12621212	913970	23790346	10672	191182	2194	43670	566472	324176	1256718	1991958
Normal-6	58454997	1737937	56717060	454196	56262864	52647873	16822066	876053	32010921	9376	52223	2893	48949	787003	494900	1545228	3613252
Normal-7	52098453	1842692	50255761	953728	49302033	47249556	16653430	1370463	26265080	14925	352004	2672	59932	685469	337782	1509212	2051064
Normal-8	67754658	5918358	61836300	2064820	59771480	48347067	27003991	387503	8351778	18881	46973	7044	72722	7824385	473786	4161940	11422477
SH325716-B	52916525	2531619	50384906	1405636	48979270	45997680	18367597	1927351	18478079	46201	1333588	6548	79255	3055465	348099	2357521	2979566
SH327409-B	47578206	1876894	45701312	1565154	44136158	41847368	13721993	729312	22677725	18704	112684	4833	43540	2218101	278757	2043006	2287503
SH327412-B	52424580	3163638	49260942	632269	48628673	46267651	13022507	2331548	27739473	12521	61213	5213	68586	759482	311267	1957337	2359526
SH327428-B	50205092	856868	49348224	1181322	48166902	46167967	13837338	1986119	23977912	23583	1415960	4900	48047	2381645	217320	2276328	1997750
